


1  1  1  1  1  1  1  1  1  1  1  1  1  1  1  1  1  1  1  1  1  1  1  1  1* 1  1  1  1  1  1  1  1  1  1  1  1  1  1  1  1  1  1  1  1  1  1  1  1  1 
1  1  1  1* 1  1  1  1  1  1  1  1  1  1  1  1  1  1  1  1  1  1  1  1  1  1  1  1  1  1  1  1  1  1  1  1  1  1  1  1  1  1  1  1  1  1  1  1  1  1 

cascade cost: 2

1  1  1  1  1  1  1  1  1  1  1  1  1  1  1  1  1  1  1  1  1  1  1  1  1* 1  1  1  1  1  1  1  1  1  1  1  1  1  1  1  1  1  1  1  1  1  1  1  1  1 
1  1  1  1  1  1  1  1  1  1  1  1  1  1  1  1  1  1  1  1  1* 1  1  1  1  1  1  1  1  1  1  1  1  1  1  1  1  1  1  1  1  1  1  1  1  1  1  1  2 

cascade cost: 2

1  1  1  1  1  1  1  1  1  1  1  1  1  1  1  1  1  1  1  1  1  1  1  1  1  1  1  1  1  1  1  1  1  1  1  1  1  1  1  1  1  1  1  1  1  1  1  1* 1  1 
1  1  1  1  1  1  1  1  1  1  1  1  1  1  1* 1  1  1  1  1  1  1  1  1  1  1  1  1  1  1  1  1  1  1  1  1  1  1  1  1  1  1  1  1  1  1  2  2 

cascade cost: 2

1  1  1  1  1  1  1  1  1  1  1  1  1  1  1  1  1  1  1  1  1  1  1  1  1  1  1  1  1  1  1  1  1  1  1  1  1  1  1  1  1  1  1  1  1  1  1  1* 1  1 
1  1  1  1  1  1  1  1  1  1  1  1  1  1  1  1  1  1  1  1  1  1  1  1  1  1  1  1* 1  1  1  1  1  1  1  1  1  1  1  1  1  1  1  1  2  2  2 

cascade cost: 2

1  1  1  1  1  1  1  1  1  1  1  1  1  1  1  1  1  1  1  1  1  1  1  1  1  1  1  1  1  1  1  1  1  1  1  1  1  1  1  1  1  1  1  1  1  1  1* 1  1  1 
1  1  1  1  1  1  1  1  1  1  1  1  1  1  1  1  1  1  1  1  1  1  1  1  1  1  1  1  1  1  1  1  1  1  1  1  1  1  1  1  1* 1  2  2  2  2 

cascade cost: 2

1  1  1  1  1  1  1  1  1  1  1  1  1  1  1  1  1  1  1  1  1  1  1* 1  1  1  1  1  1  1  1  1  1  1  1  1  1  1  1  1  1  1  1  1  1  1  1  1  1  1 
1  1  1  1  1  1  1  1  1  1  1  1  1  1  1  1  1  1  1  1  1  1  1  1  1  1  1  1  1  1  1* 1  1  1  1  1  1  1  1  1  2  2  2  2  2 

cascade cost: 2

1  1  1  1  1  1  1  1  1  1  1  1  1  1  1  1  1  1  1  1  1  1  1  1  1  1  1  1  1  1  1  1  1  1  1  1  1  1  1  1  1  1  1  1  1  1  1  1  1* 1 
1  1  1  1  1  1  1  1  1  1  1  1  1  1  1  1  1  1  1  1  1  1  1  1  1  1  1  1* 1  1  1  1  1  1  1  1  1  1  2  2  2  2  2  2 

cascade cost: 2

1  1  1  1  1  1  1  1  1  1  1  1  1  1  1  1  1  1  1  1  1  1  1  1  1  1  1  1* 1  1  1  1  1  1  1  1  1  1  1  1  1  1  1  1  1  1  1  1  1  1 
1  1  1  1  1  1  1  1  1  1  1  1  1  1  1  1  1  1  1  1  1  1  1* 1  1  1  1  1  1  1  1  1  1  1  1  1  2  2  2  2  2  2  2 

cascade cost: 2

1  1  1  1  1  1  1  1  1  1  1  1  1  1  1  1  1  1  1  1  1  1  1  1  1  1* 1  1  1  1  1  1  1  1  1  1  1  1  1  1  1  1  1  1  1  1  1  1  1  1 
1  1  1  1  1  1  1  1  1  1  1  1  1* 1  1  1  1  1  1  1  1  1  1  1  1  1  1  1  1  1  1  1  1  1  2  2  2  2  2  2  2  2 

cascade cost: 2

1  1  1  1  1  1  1  1  1  1* 1  1  1  1  1  1  1  1  1  1  1  1  1  1  1  1  1  1  1  1  1  1  1  1  1  1  1  1  1  1  1  1  1  1  1  1  1  1  1  1 
1  1  1  1  1  1  1  1  1  1  1  1  1  1  1  1  1  1  1  1  1  1  1  1  1  1  1  1  1  1  1* 1  2  2  2  2  2  2  2  2  2 

cascade cost: 2

1  1  1  1  1  1  1  1  1  1  1  1  1  1  1  1  1  1  1  1* 1  1  1  1  1  1  1  1  1  1  1  1  1  1  1  1  1  1  1  1  1  1  1  1  1  1  1  1  1  1 
1  1  1  1  1  1  1  1  1  1  1  1  1  1  1  1  1  1  1  1  1  1  1  1  1  1  1  1  1  1  2* 2  2  2  2  2  2  2  2  2 

cascade cost: 2

1  1  1  1  1  1  1  1  1  1  1  1  1  1  1  1  1  1  1  1  1  1  1  1  1  1  1  1  1  1  1  1  1  1  1  1  1  1  1* 1  1  1  1  1  1  1  1  1  1  1 
1  1  1  1  1  1  1  1  1* 1  1  1  1  1  1  1  1  1  1  1  1  1  1  1  1  1  1  1  1  2  2  2  2  2  2  2  2  2  3 

cascade cost: 2

1  1  1  1  1  1  1  1  1  1  1  1  1  1  1  1  1  1  1  1  1  1  1  1  1  1  1  1  1  1  1  1  1  1  1  1  1  1  1* 1  1  1  1  1  1  1  1  1  2 
1  1  1  1  1  1  1  1  1  1  1  1  1  1* 1  1  1  1  1  1  1  1  1  1  1  1  1  1  1  2  2  2  2  2  2  2  2  2  3 

cascade cost: 2

1  1  1  1  1  1  1  1* 1  1  1  1  1  1  1  1  1  1  1  1  1  1  1  1  1  1  1  1  1  1  1  1  1  1  1  1  1  1  1  1  1  1  1  1  1  1  1  1  2 
1* 1  1  1  1  1  1  1  1  1  1  1  1  1  1  1  1  1  1  1  1  1  1  1  1  1  1  2  2  2  2  2  2  2  2  2  2  3 

cascade cost: 2

1  1  1  1  1* 1  1  1  1  1  1  1  1  1  1  1  1  1  1  1  1  1  1  1  1  1  1  1  1  1  1  1  1  1  1  1  1  1  1  1  1  1  1  1  1  1  1  1  2 
1  1  1  1  1  1  1  1  1  1  1* 1  1  1  1  1  1  1  1  1  1  1  1  1  1  2  2  2  2  2  2  2  2  2  2  2  3 

cascade cost: 2

1  1  1  1  1  1  1  1  1  1  1  1  1  1  1  1  1  1  1  1  1  1  1  1  1  1  1  1  1  1  1  1  1  1  1  1  1  1  1  1  1  1  1  1  1  1  1  1  2*
1  1  1  1  1  1  1  1  1  1  1  1  1  1  1  1  1  1  1  1  1  1  1  2  2  2  2  2* 2  2  2  2  2  2  2  3 

cascade cost: 4

1  1  1  1  1  1  1  1  1  1  1  1  1  1  1  1  1  1  1  1  1  1  1  1  1  1  1* 1  1  1  1  1  1  1  1  1  1  1  1  1  1  1  1  1  1  1  1  1  1  1 
1  1  1  1  1  1* 1  1  1  1  1  1  1  1  1  1  1  1  1  1  1  2  2  2  2  2  2  2  2  2  2  2  3  4 

cascade cost: 2

1  1  1  1  1  1  1  1  1  1  1  1  1  1  1  1  1  1  1  1  1  1  1  1  1  1  1  1  1  1  1  1* 1  1  1  1  1  1  1  1  1  1  1  1  1  1  1  1  1  1 
1  1  1  1  1  1  1  1  1  1  1  1  1  1  1  1  1  1  1  2  2  2  2  2* 2  2  2  2  2  2  2  3  4 

cascade cost: 2

1  1  1  1  1  1  1  1  1  1  1  1  1  1  1  1  1  1  1  1  1  1  1  1  1  1  1  1  1  1  1  1  1  1  1  1  1* 1  1  1  1  1  1  1  1  1  1  1  1  1 
1* 1  1  1  1  1  1  1  1  1  1  1  1  1  1  1  1  1  2  2  2  2  2  2  2  2  2  2  2  3  3  4 

cascade cost: 2

1* 1  1  1  1  1  1  1  1  1  1  1  1  1  1  1  1  1  1  1  1  1  1  1  1  1  1  1  1  1  1  1  1  1  1  1  1  1  1  1  1  1  1  1  1  1  1  1  1  1 
1  1  1  1  1  1  1  1  1* 1  1  1  1  1  1  1  2  2  2  2  2  2  2  2  2  2  2  2  3  3  4 

cascade cost: 2

1  1  1  1  1  1  1  1  1  1  1  1  1  1  1  1* 1  1  1  1  1  1  1  1  1  1  1  1  1  1  1  1  1  1  1  1  1  1  1  1  1  1  1  1  1  1  1  1  1  1 
1  1  1  1  1  1  1  1  1  1  1  1* 1  1  2  2  2  2  2  2  2  2  2  2  2  2  2  3  3  4 

cascade cost: 2

1  1  1  1  1  1  1  1  1  1  1  1  1  1* 1  1  1  1  1  1  1  1  1  1  1  1  1  1  1  1  1  1  1  1  1  1  1  1  1  1  1  1  1  1  1  1  1  1  1  1 
1  1  1* 1  1  1  1  1  1  1  1  1  2  2  2  2  2  2  2  2  2  2  2  2  2  2  3  3  4 

cascade cost: 2

1  1* 1  1  1  1  1  1  1  1  1  1  1  1  1  1  1  1  1  1  1  1  1  1  1  1  1  1  1  1  1  1  1  1  1  1  1  1  1  1  1  1  1  1  1  1  1  1  1  1 
1  1  1  1  1  1  1  1  1  1  2* 2  2  2  2  2  2  2  2  2  2  2  2  2  2  3  3  4 

cascade cost: 2

1  1  1  1  1  1  1  1  1  1  1  1  1  1  1  1  1  1  1  1  1  1  1  1  1  1  1  1  1  1  1  1  1  1  1* 1  1  1  1  1  1  1  1  1  1  1  1  1  1  1 
1  1  1  1  1  1  1  1  1  2  2  2  2  2  2  2  2  2  2* 2  2  2  2  3  3  3  4 

cascade cost: 2

1  1  1  1  1  1  1  1  1  1  1  1  1  1  1  1  1  1  1  1  1* 1  1  1  1  1  1  1  1  1  1  1  1  1  1  1  1  1  1  1  1  1  1  1  1  1  1  1  1  1 
1  1  1  1  1  1* 1  1  2  2  2  2  2  2  2  2  2  2  2  2  2  3  3  3  3  4 

cascade cost: 2

1  1  1  1  1  1  1  1  1  1  1  1  1  1  1  1  1  1  1  1  1  1  1  1  1  1  1  1  1  1  1  1  1  1  1  1  1  1  1  1  1  1  1  1  1  1  1  1  1* 1 
1  1* 1  1  1  1  2  2  2  2  2  2  2  2  2  2  2  2  2  2  3  3  3  3  4 

cascade cost: 2

1* 1  1  1  1  1  1  1  1  1  1  1  1  1  1  1  1  1  1  1  1  1  1  1  1  1  1  1  1  1  1  1  1  1  1  1  1  1  1  1  1  1  1  1  1  1  1  1  1  1 
1  1  1  1  2  2  2  2  2  2  2  2* 2  2  2  2  2  2  2  3  3  3  3  4 

cascade cost: 2

1  1  1  1  1  1  1  1  1  1  1  1  1  1  1  1  1  1  1  1  1  1  1  1  1  1  1  1  1  1  1  1  1  1  1  1  1  1  1  1  1  1  1  1  1  1* 1  1  1  1 
1  1  1  2  2  2  2* 2  2  2  2  2  2  2  2  2  2  3  3  3  3  3  4 

cascade cost: 2

1  1  1  1  1  1  1  1  1  1  1  1  1* 1  1  1  1  1  1  1  1  1  1  1  1  1  1  1  1  1  1  1  1  1  1  1  1  1  1  1  1  1  1  1  1  1  1  1  1  1 
1  1  2  2  2  2  2  2  2  2  2  2  2  2  2  3  3  3  3* 3  3  4 

cascade cost: 2

1  1  1  1  1  1  1  1  1  1  1  1  1  1  1  1  1  1  1  1  1  1  1  1  1  1  1  1  1  1  1  1  1  1  1  1  1  1  1  1  1  1* 1  1  1  1  1  1  1  1 
1  2  2  2  2  2  2  2  2  2  2  2  2  2  3  3  3  3  3* 4  4 

cascade cost: 2

1  1  1  1  1  1  1  1  1  1  1  1  1  1  1  1  1  1  1  1* 1  1  1  1  1  1  1  1  1  1  1  1  1  1  1  1  1  1  1  1  1  1  1  1  1  1  1  1  1  1 
2  2  2  2  2  2  2  2  2  2  2  2  2  3* 3  3  3  4  4  4 

cascade cost: 4

1  1  1  1  1  1  1  1  1  1  1  1  1  1  1  1  1  1  1  1  1  1  1  1  1  1  1  1  1  1  1  1  1  1* 1  1  1  1  1  1  1  1  1  1  1  1  1  1  2 
1  2  2  2  2  2  2  2  2  2  2  2  2  3* 3  3  4  4  4  4 

cascade cost: 2

1  1  1  1  1  1  1  1  1  1  1  1  1  1  1  1  1  1  1  1  1  1  1  1  1  1  1  1  1  1  1  1  1  1  1* 1  1  1  1  1  1  1  1  1  1  1  1  1  2 
2  2  2  2  2  2  2  2  2  2  2  2  3* 3  4  4  4  4  4 

cascade cost: 4

1  1  1  1  1  1  1  1  1  1  1  1  1  1  1  1  1  1  1  1  1  1  1  1  1  1  1  1  1  1  1  1  1* 1  1  1  1  1  1  1  1  1  1  1  1  1  2  2 
1  2  2  2  2  2  2  2  2* 2  2  2  3  4  4  4  4  4  4 

cascade cost: 2

1  1  1  1  1  1  1  1  1  1  1  1  1  1  1  1  1  1  1  1  1  1  1  1  1  1  1  1  1  1  1  1  1  1  1  1  1  1  1  1  1  1  1  1  1  1  2* 2 
2  2  2  2  2  2  2  2  2  2* 3  3  4  4  4  4  4  4 

cascade cost: 4

1  1  1  1  1  1  1  1  1  1  1  1  1  1  1  1  1  1  1  1  1* 1  1  1  1  1  1  1  1  1  1  1  1  1  1  1  1  1  1  1  1  1  1  1  1  1  2  2 
2  2  2  2  2  2  2  2  3  3  4  4  4  4  4  4* 4 

cascade cost: 4

1  1  1  1  1  1  1  1  1  1  1  1  1  1  1  1  1  1  1  1* 1  1  1  1  1  1  1  1  1  1  1  1  1  1  1  1  1  1  1  1  1  1  1  1  2  2  2 
1  2  2* 2  2  2  2  2  3  3  4  4  4  4  4  4  5 

cascade cost: 2

1  1  1  1  1  1  1  1  1  1  1  1  1  1  1  1  1  1  1  1  1  1  1  1  1  1  1  1  1  1  1  1  1  1  1  1  1  1  1* 1  1  1  1  1  2  2  2 
2  2  2  2  2  2  3  3  3  4  4  4  4* 4  4  5 

cascade cost: 4

1  1  1  1  1  1  1  1  1  1  1  1  1  1  1  1  1  1  1  1  1  1  1  1  1  1  1  1  1  1  1  1* 1  1  1  1  1  1  1  1  1  1  2  2  2  2 
1  2  2  2  2  2  3  3  3  4  4  4  4  4  5* 5 

cascade cost: 2

1  1  1  1  1  1  1  1  1  1  1  1  1  1  1  1  1  1  1  1  1  1  1  1  1  1  1  1  1  1* 1  1  1  1  1  1  1  1  1  1  1  1  2  2  2  2 
2* 2  2  2  2  3  3  3  4  4  4  4  4  5  6 

cascade cost: 4

1  1  1  1  1  1  1  1  1  1  1  1  1  1  1  1  1  1  1  1  1  1* 1  1  1  1  1  1  1  1  1  1  1  1  1  1  1  1  1  1  2  2  2  2  2 
1  2  2  2  3  3  3* 3  4  4  4  4  4  5  6 

cascade cost: 2

1  1  1  1  1  1  1  1  1  1  1  1  1  1  1  1  1  1  1  1* 1  1  1  1  1  1  1  1  1  1  1  1  1  1  1  1  1  1  1  1  2  2  2  2  2 
2  2  2  3  3* 3  4  4  4  4  4  4  5  6 

cascade cost: 4

1  1  1  1  1  1  1  1  1  1  1  1  1  1  1  1  1  1  1  1  1  1  1  1  1  1  1  1  1  1  1  1* 1  1  1  1  1  1  2  2  2  2  2  2 
1  2  2  3  3  4  4  4  4  4* 4  4  5  6 

cascade cost: 2

1  1  1  1  1  1  1  1  1  1  1  1  1  1  1  1  1  1  1  1  1  1  1  1  1  1  1  1  1  1  1  1  1  1  1  1  1  1* 2  2  2  2  2  2 
2  2  3  3  4  4  4* 4  4  4  5  5  6 

cascade cost: 4

1  1  1  1  1  1* 1  1  1  1  1  1  1  1  1  1  1  1  1  1  1  1  1  1  1  1  1  1  1  1  1  1  1  1  1  1  2  2  2  2  2  2  2 
1  2  3  3  4  4  4* 4  4  5  5  5  6 

cascade cost: 2

1  1  1  1  1  1  1  1  1  1  1  1  1  1  1  1  1  1  1  1  1  1  1  1  1  1  1  1  1  1  1  1  1  1  1* 1  2  2  2  2  2  2  2 
2  3  3  4  4  4  4* 5  5  5  5  6 

cascade cost: 4

1  1  1  1* 1  1  1  1  1  1  1  1  1  1  1  1  1  1  1  1  1  1  1  1  1  1  1  1  1  1  1  1  1  1  2  2  2  2  2  2  2  2 
1  3  3  4  4  4  5* 5  5  5  5  6 

cascade cost: 2

1  1  1  1  1  1  1  1  1  1* 1  1  1  1  1  1  1  1  1  1  1  1  1  1  1  1  1  1  1  1  1  1  1  1  2  2  2  2  2  2  2  2 
3  3  4* 4  4  5  5  5  5  6  6 

cascade cost: 6

1  1  1  1* 1  1  1  1  1  1  1  1  1  1  1  1  1  1  1  1  1  1  1  1  1  1  1  1  1  1  1  2  2  2  2  2  2  2  2  3 
1  1  3  4  4  5  5  5* 5  5  6  6 

cascade cost: 2

1  1  1  1  1  1  1  1  1  1  1  1  1  1  1  1  1  1  1  1  1* 1  1  1  1  1  1  1  1  1  1  2  2  2  2  2  2  2  2  3 
1  3  4  4  5  5  5  5  6  6* 6 

cascade cost: 2

1  1  1  1  1  1  1  1  1  1  1  1  1  1  1  1  1  1  1  1  1  1  1  1  1  1  1  1  1  1  1  2  2  2  2  2  2* 2  2  3 
3  4  4  5  5* 5  5  6  6  7 

cascade cost: 6

1  1  1  1  1  1  1  1  1  1  1  1  1  1  1  1  1  1  1  1  1  1  1  1  1  1  1  1  1  1* 2  2  2  2  2  2  2  3  3 
1  4  4  5  5* 5  6  6  7  7 

cascade cost: 2

1  1  1  1  1  1  1  1  1  1  1  1  1  1  1  1  1  1  1  1  1  1  1  1  1  1  1* 1  1  1  2  2  2  2  2  2  2  3  3 
4  4  5* 5  6  6  6  7  7 

cascade cost: 8

1  1  1  1  1  1  1  1  1  1  1  1  1  1  1  1  1  1  1  1  1  1  1  1  1  1  1  1  1  2  2  2  2* 2  2  2  3  4 
3  4  5  6  6  6* 6  7  7 

cascade cost: 6

1  1  1  1  1  1  1  1  1  1  1  1  1  1  1  1  1  1  1  1  1  1  1  1  1  1  1  1  2  2  2  2  2  2* 3  3  4 
1  4  5  6  6  6* 7  7  8 

cascade cost: 8

1  1  1  1  1  1  1  1  1  1  1  1  1  1  1* 1  1  1  1  1  1  1  1  1  1  1  2  2  2  2  2  3  3  4  4 
1  1  1  5  6* 6  7  7  8  8 

cascade cost: 2

1  1  1  1  1  1  1  1  1  1  1  1  1  1  1  1  1  1* 1  1  1  1  1  1  1  1  2  2  2  2  2  3  3  4  4 
1  1  5  6  7  7  7* 8  8 

cascade cost: 2

1  1  1  1  1  1  1  1  1  1  1  1  1  1  1  1  1  1  1  1  1  1  1* 1  1  1  2  2  2  2  2  3  3  4  4 
1  5  6  7  7  8  8* 8 

cascade cost: 2

1* 1  1  1  1  1  1  1  1  1  1  1  1  1  1  1  1  1  1  1  1  1  1  1  1  1  2  2  2  2  2  3  3  4  4 
5  6  7  7  8  8  9*

cascade cost: 10

1  1  1  1  1  1  1  1  1  1  1  1* 1  1  1  1  1  1  1  1  1  1  1  1  2  2  2  2  2  3  4  4  5 
1  3* 6  7  7  8  8  10 

cascade cost: 2

1  1  1  1  1  1  1  1* 1  1  1  1  1  1  1  1  1  1  1  1  1  1  1  1  2  2  2  2  2  3  4  4  5 
4  6  7  7  8* 8  10 

cascade cost: 8

1  1  1  1  1  1  1  1  1  1  1  1  1  1  1  1  1  1  1  1  2  2  2  2  2  3  4  4* 4  5 
1  1  1  6  7* 7  8  9  10 

cascade cost: 12

1  1  1  1  1  1  1  1  1  1  1  1  1  1  1  1  1  1  1  1  2  2  2  2* 3  4  4  5  6 
1  1  1  2* 7  8  9  10  11 

cascade cost: 4

1* 1  1  1  1  1  1  1  1  1  1  1  1  1  1  1  1  1  2  2  2  3  4  4  4  5  6 
1  1  1* 1  1  7  8  9  10  11 

cascade cost: 2

1  1  1  1  1  1  1  1  1  1  1  1  1  1  1  1  1* 1  2  2  2  3  4  4  4  5  6 
1  1  1  2* 7  8  9  10  11 

cascade cost: 2

1  1  1  1  1  1  1  1  1  1  1  1  1  1  1  1  1  1  2  2  2  3  4* 4  4  5  6 
1  1  3  7  8  9* 10  11 

cascade cost: 8

1  1  1  1  1  1  1  1  1  1  1  1  1  1  1  1  1  1  1  2  2* 2  3  3  4  4  5  6 
1* 7  8  10  11  13 

cascade cost: 2

1  1* 1  1  1  1  1  1  1  1  1  1  1  1  1  1  1  1  2  2  3  3  3  4  4  5  6 
1  7  8  10  11  13*

cascade cost: 2

1  1  1  1  1  1  1  1  1  1  1  1  1  1  1  1  1  1  2* 2  3  3  3  4  4  5  6 
7* 8  10  11  14 

cascade cost: 14

1  1  1  1  1  1  1* 1  1  1  1  1  1  1  1  1  1  1  2  3  3  4  5  6  9 
3  4  8  10  11* 14 

cascade cost: 6

1  1  1  1  1  1  1  1* 1  1  1  1  1  1  1  1  1  3  3  3  4  5  6  9 
2  4  8  10* 12  14 

cascade cost: 4

1  1  1  1  1  1  1  1  1  1  1  1  1  1  1  2  3  3  3* 4  5  6  9 
1  4  8  11* 12  14 

cascade cost: 8

1  1  1  1  1  1  1  1  1  1  1* 1  1  1  2  3  3  4  4  5  6  9 
1  1  8  12  14* 14 

cascade cost: 2

1  1  1  1* 1  1  1  1  1  1  1  1  1  1  2  3  3  4  4  5  6  9 
1  8* 12  14  15 

cascade cost: 2

1  1  1  1  1* 1  1  1  1  1  1  1  1  1  2  3  3  4  4  5  6  9 
9  12  14  15*

cascade cost: 18

1  1  1  1  1  1  1* 1  1  1  1  1  1  3  3  4  4  5  9  9 
2* 6  12  14  16 

cascade cost: 4

1  1* 1  1  1  1  1  1  1  1  3  3  3  4  4  5  9  9 
1* 1  6  12  14  16 

cascade cost: 2

1  1  1  1  1  1  1* 1  2  3  3  3  4  4  5  9  9 
1  1  6  12  14* 16 

cascade cost: 2

1  1  1  1  1* 1  1  1  2  3  3  3  4  4  5  9  9 
1  6  12* 15  16 

cascade cost: 2

1  1* 1  1  1  1  1  1  2  3  3  3  4  4  5  9  9 
6  13  15* 16 

cascade cost: 12

1  1  1  1* 1  2  3  3  4  4  5  6  9  9 
1  1  3  13  16  16*

cascade cost: 2

1  1  1* 1  1  2  3  3  4  4  5  6  9  9 
1  3* 13  16  17 

cascade cost: 2

1  1  1  1  1  2  3  3* 4  4  5  6  9  9 
4  13  16* 17 

cascade cost: 8

1  1  1  1  2  3* 4  4  4  5  6  9  9 
1  13* 17  19 

cascade cost: 26

1  1  1  1  2  4* 4  5  6  9  16 
1  4* 9  17  19 

cascade cost: 8

2* 4  5  6  8  9  16 
1  1  1  1* 1  9  17  19 

cascade cost: 4

1  1  4  5  6  8  9* 16 
1  1  3* 9  17  19 

cascade cost: 8

1  1  1* 5  6  8  12  16 
1  4* 9  17  19 

cascade cost: 2

1  1  1  5  6  8  12  16*
5* 9  17  19 

cascade cost: 10

1  1  1* 6  8  12  21 
5* 9  17  19 

cascade cost: 18

1* 1  6  9  12  21 
6  8  17  19*

cascade cost: 16

8  9* 12  21 
1  6  6  17  20*

cascade cost: 34

12* 17  21 
1  6  6  8* 29 

cascade cost: 24

6  6  17* 21 
1  20* 29 

cascade cost: 42

1  6  6  37*
21  29*

