1  1  1  1  1  1  1  1  1  1  1  1  1  1  1  1  1  1  1  1  1  1  1  1  1  1  1  1  1  1  1  1  1  1  1  1  1  1  1  1  1  1  1  1  1  1  1  1  1  1  1  1  1  1  1  1  1  1  1  1  1  1  1  1  1  1  1  1  1  1  1  1  1  1  1  1  1  1* 1  1  1  1  1  1  1 
1  1  1  1  1  1  1  1  1  1  1  1  1  1  1  1  1  1  1  1  1  1  1  1  1  1  1  1  1  1  1  1  1  1  1  1  1  1  1  1  1  1  1  1  1  1  1  1  1  1  1  1  1  1  1  1  1  1  1  1  1  1  1  1  1  1  1  1  1  1  1  1  1  1  1  1  1  1* 1  1  1  1  1  1  1 

cascade cost: 2

1  1  1  1  1  1  1  1  1  1  1  1  1  1  1  1  1  1  1  1  1  1  1  1  1  1  1  1  1  1  1  1  1  1  1  1  1  1  1  1  1  1  1  1  1  1  1  1  1  1  1  1  1  1  1  1  1  1  1  1  1  1  1  1  1  1  1  1  1  1  1  1  1  1  1  1  1  1  1  1  1* 1  1  1  1 
1  1  1  1  1  1  1  1  1  1  1  1  1  1  1  1  1  1  1  1  1* 1  1  1  1  1  1  1  1  1  1  1  1  1  1  1  1  1  1  1  1  1  1  1  1  1  1  1  1  1  1  1  1  1  1  1  1  1  1  1  1  1  1  1  1  1  1  1  1  1  1  1  1  1  1  1  1  1  1  1  1  1  1  2 

cascade cost: 2

1  1  1  1  1  1  1  1  1  1  1  1  1  1  1  1  1  1  1  1  1  1  1  1  1  1  1  1  1  1  1  1  1  1  1  1* 1  1  1  1  1  1  1  1  1  1  1  1  1  1  1  1  1  1  1  1  1  1  1  1  1  1  1  1  1  1  1  1  1  1  1  1  1  1  1  1  1  1  1  1  1  1  1  1  1 
1  1  1  1  1  1  1  1  1  1  1  1  1  1  1  1  1  1  1  1  1  1  1  1  1  1  1  1  1  1  1  1* 1  1  1  1  1  1  1  1  1  1  1  1  1  1  1  1  1  1  1  1  1  1  1  1  1  1  1  1  1  1  1  1  1  1  1  1  1  1  1  1  1  1  1  1  1  1  1  1  1  2  2 

cascade cost: 2

1  1  1  1  1  1  1  1  1  1  1  1  1  1  1  1  1  1  1  1  1  1  1  1  1  1  1  1  1  1  1  1  1  1  1  1  1  1  1  1  1  1  1  1  1  1  1  1  1  1  1  1  1  1  1  1  1  1  1  1  1  1  1  1  1  1  1  1  1  1  1  1  1* 1  1  1  1  1  1  1  1  1  1  1  1 
1  1  1  1  1  1  1  1  1  1  1  1  1  1  1  1  1  1  1  1  1  1  1  1  1* 1  1  1  1  1  1  1  1  1  1  1  1  1  1  1  1  1  1  1  1  1  1  1  1  1  1  1  1  1  1  1  1  1  1  1  1  1  1  1  1  1  1  1  1  1  1  1  1  1  1  1  1  1  1  2  2  2 

cascade cost: 2

1  1  1  1  1  1  1  1* 1  1  1  1  1  1  1  1  1  1  1  1  1  1  1  1  1  1  1  1  1  1  1  1  1  1  1  1  1  1  1  1  1  1  1  1  1  1  1  1  1  1  1  1  1  1  1  1  1  1  1  1  1  1  1  1  1  1  1  1  1  1  1  1  1  1  1  1  1  1  1  1  1  1  1  1  1 
1  1  1  1  1  1  1  1  1  1  1  1  1  1  1  1  1  1  1  1  1  1  1  1  1  1  1  1  1  1  1  1  1  1  1  1  1  1  1  1  1  1  1  1  1  1  1  1  1  1  1  1  1  1  1  1  1  1  1  1  1  1  1  1  1  1  1  1  1  1  1  1  1  1  1  1  1  2  2* 2  2 

cascade cost: 2

1  1  1  1  1  1  1  1  1  1  1  1  1  1  1  1  1  1  1  1  1  1  1  1  1  1  1  1  1  1  1  1  1  1  1  1  1  1  1  1* 1  1  1  1  1  1  1  1  1  1  1  1  1  1  1  1  1  1  1  1  1  1  1  1  1  1  1  1  1  1  1  1  1  1  1  1  1  1  1  1  1  1  1  1  1 
1  1  1  1  1  1  1  1  1  1  1  1  1  1  1  1  1  1  1  1* 1  1  1  1  1  1  1  1  1  1  1  1  1  1  1  1  1  1  1  1  1  1  1  1  1  1  1  1  1  1  1  1  1  1  1  1  1  1  1  1  1  1  1  1  1  1  1  1  1  1  1  1  1  1  1  1  2  2  2  3 

cascade cost: 2

1  1  1  1  1  1  1  1  1  1  1  1  1  1  1  1  1  1  1  1  1  1  1  1  1  1  1  1  1  1  1* 1  1  1  1  1  1  1  1  1  1  1  1  1  1  1  1  1  1  1  1  1  1  1  1  1  1  1  1  1  1  1  1  1  1  1  1  1  1  1  1  1  1  1  1  1  1  1  1  1  1  1  1  2 
1  1  1  1  1  1  1  1  1  1  1  1  1  1  1  1  1  1  1  1  1  1  1  1  1  1  1  1  1  1  1  1  1  1  1  1  1  1  1  1  1  1  1  1  1  1  1  1  1  1  1  1  1  1  1  1  1  1  1  1  1  1  1  1  1  1  1  1  1  1* 1  1  1  1  1  1  2  2  2  3 

cascade cost: 2

1  1  1  1  1  1  1  1  1  1  1  1  1  1  1  1  1  1  1  1  1  1  1  1  1  1  1  1  1  1  1  1  1  1  1  1  1  1  1  1  1  1  1  1  1  1  1  1  1  1  1* 1  1  1  1  1  1  1  1  1  1  1  1  1  1  1  1  1  1  1  1  1  1  1  1  1  1  1  1  1  1  2  2 
1  1  1  1  1  1  1  1  1  1  1  1  1  1  1  1  1  1  1  1  1  1  1  1  1  1  1  1  1  1  1  1  1  1  1  1  1  1  1  1  1  1  1  1  1  1  1  1  1  1  1  1  1  1  1  1  1  1  1  1  1  1  1  1  1  1  1  1  1  1  1  1  1  1  1* 1  2  2  2  3 

cascade cost: 2

1  1  1  1  1  1  1  1  1  1  1  1  1  1  1  1  1  1  1  1  1  1  1  1  1  1  1  1  1  1  1  1  1  1  1  1  1  1  1  1  1  1  1  1  1  1  1  1  1  1  1  1  1  1  1  1  1  1  1  1  1  1  1  1  1  1  1  1  1* 1  1  1  1  1  1  1  1  1  1  2  2  2 
1  1  1  1  1  1  1  1  1  1  1  1  1  1  1  1  1  1  1  1  1  1  1  1  1  1  1  1  1  1  1  1  1  1  1  1* 1  1  1  1  1  1  1  1  1  1  1  1  1  1  1  1  1  1  1  1  1  1  1  1  1  1  1  1  1  1  1  1  1  1  1  1  1  1  1  1  2  2  2  3 

cascade cost: 2

1  1  1  1  1  1  1  1  1  1  1  1  1  1  1  1* 1  1  1  1  1  1  1  1  1  1  1  1  1  1  1  1  1  1  1  1  1  1  1  1  1  1  1  1  1  1  1  1  1  1  1  1  1  1  1  1  1  1  1  1  1  1  1  1  1  1  1  1  1  1  1  1  1  1  1  1  1  2  2  2  2 
1  1  1  1  1  1  1  1  1  1  1  1  1  1  1  1  1* 1  1  1  1  1  1  1  1  1  1  1  1  1  1  1  1  1  1  1  1  1  1  1  1  1  1  1  1  1  1  1  1  1  1  1  1  1  1  1  1  1  1  1  1  1  1  1  1  1  1  1  1  1  1  1  1  1  1  1  2  2  2  3 

cascade cost: 2

1  1  1  1  1  1  1  1  1  1  1  1  1  1  1  1  1  1  1  1  1  1  1  1  1  1  1  1  1  1  1  1  1  1  1  1  1  1  1  1  1  1  1  1  1  1  1  1  1  1  1  1  1  1  1  1  1* 1  1  1  1  1  1  1  1  1  1  1  1  1  1  1  1  1  1  2  2  2  2  2 
1  1  1  1  1  1  1  1  1  1  1  1  1  1  1  1  1  1  1  1  1  1  1  1  1  1  1  1  1  1  1  1  1  1  1  1  1  1  1  1  1  1  1  1  1  1  1  1  1  1  1  1  1  1  1  1  1  1  1  1* 1  1  1  1  1  1  1  1  1  1  1  1  1  1  1  1  2  2  2  3 

cascade cost: 2

1  1  1  1  1  1  1  1  1  1  1  1  1  1  1  1  1  1* 1  1  1  1  1  1  1  1  1  1  1  1  1  1  1  1  1  1  1  1  1  1  1  1  1  1  1  1  1  1  1  1  1  1  1  1  1  1  1  1  1  1  1  1  1  1  1  1  1  1  1  1  1  1  1  2  2  2  2  2  2 
1  1  1  1  1  1  1  1  1  1  1  1  1  1  1  1  1  1  1  1  1  1  1  1  1  1  1  1  1  1  1  1  1  1  1* 1  1  1  1  1  1  1  1  1  1  1  1  1  1  1  1  1  1  1  1  1  1  1  1  1  1  1  1  1  1  1  1  1  1  1  1  1  1  1  1  1  2  2  2  3 

cascade cost: 2

1  1  1  1  1  1  1  1  1  1  1  1  1  1  1  1  1  1  1  1  1  1  1  1  1  1  1  1  1  1  1  1  1  1  1  1  1  1  1  1  1  1  1  1  1* 1  1  1  1  1  1  1  1  1  1  1  1  1  1  1  1  1  1  1  1  1  1  1  1  1  1  2  2  2  2  2  2  2 
1  1  1  1  1  1  1  1  1  1  1  1  1  1  1  1  1  1  1  1  1  1  1  1  1  1  1  1  1  1  1  1  1  1  1  1  1  1  1  1  1  1  1  1  1  1  1  1  1  1  1  1  1* 1  1  1  1  1  1  1  1  1  1  1  1  1  1  1  1  1  1  1  1  1  1  1  2  2  2  3 

cascade cost: 2

1  1  1  1  1  1  1  1  1  1  1  1  1  1  1  1  1  1  1  1  1  1  1  1  1  1  1  1  1  1  1  1  1  1  1  1  1  1  1  1  1  1  1  1  1  1  1  1  1  1  1  1  1  1  1  1  1  1  1  1  1  1  1* 1  1  1  1  1  1  2  2  2  2  2  2  2  2 
1  1  1  1  1  1  1  1  1  1  1  1  1  1  1  1  1  1  1  1  1  1  1  1  1  1  1  1  1  1  1  1  1  1  1  1  1  1  1  1  1  1  1  1  1  1  1  1  1  1  1  1  1  1  1  1  1  1  1  1  1  1  1  1  1  1  1  1  1  1  1  1  1  1  1* 1  2  2  2  3 

cascade cost: 2

1  1  1  1  1  1  1  1  1  1  1  1  1  1  1  1  1  1  1  1  1  1  1  1  1  1  1  1  1  1  1  1  1  1  1  1  1  1  1  1  1  1  1  1  1  1  1  1  1  1  1  1  1  1  1  1  1  1  1  1  1* 1  1  1  1  1  1  2  2  2  2  2  2  2  2  2 
1  1  1  1  1  1  1  1  1  1  1  1  1  1  1  1  1  1  1  1  1  1  1  1  1  1  1  1  1  1  1  1  1  1  1  1  1  1  1  1  1  1  1  1  1  1  1  1  1  1  1  1  1  1  1  1  1  1  1* 1  1  1  1  1  1  1  1  1  1  1  1  1  1  1  1  1  2  2  2  3 

cascade cost: 2

1  1  1  1  1  1  1  1  1  1  1  1  1  1  1  1  1  1  1  1  1  1  1  1  1  1  1* 1  1  1  1  1  1  1  1  1  1  1  1  1  1  1  1  1  1  1  1  1  1  1  1  1  1  1  1  1  1  1  1  1  1  1  1  1  1  2  2  2  2  2  2  2  2  2  2 
1  1  1  1  1  1  1  1  1  1  1  1  1  1  1  1  1  1  1  1  1* 1  1  1  1  1  1  1  1  1  1  1  1  1  1  1  1  1  1  1  1  1  1  1  1  1  1  1  1  1  1  1  1  1  1  1  1  1  1  1  1  1  1  1  1  1  1  1  1  1  1  1  1  1  1  1  2  2  2  3 

cascade cost: 2

1  1  1  1  1  1  1  1  1  1  1  1  1  1  1  1  1  1  1  1  1  1  1  1  1  1  1  1  1  1  1  1  1  1  1  1  1  1  1  1* 1  1  1  1  1  1  1  1  1  1  1  1  1  1  1  1  1  1  1  1  1  1  1  2  2  2  2  2  2  2  2  2  2  2 
1  1  1  1  1  1  1  1  1  1  1  1  1  1  1  1  1  1  1  1  1  1  1  1  1  1  1  1  1  1  1  1  1  1  1  1  1  1  1  1  1  1  1  1  1  1  1  1  1  1  1  1  1  1  1  1  1  1  1  1  1  1  1  1  1  1* 1  1  1  1  1  1  1  1  1  1  2  2  2  3 

cascade cost: 2

1  1  1  1  1  1  1  1  1  1  1  1  1  1  1  1  1  1  1  1  1  1  1  1  1  1  1  1  1  1  1  1  1  1  1* 1  1  1  1  1  1  1  1  1  1  1  1  1  1  1  1  1  1  1  1  1  1  1  1  1  1  2  2  2  2  2  2  2  2  2  2  2  2 
1  1  1  1  1  1  1* 1  1  1  1  1  1  1  1  1  1  1  1  1  1  1  1  1  1  1  1  1  1  1  1  1  1  1  1  1  1  1  1  1  1  1  1  1  1  1  1  1  1  1  1  1  1  1  1  1  1  1  1  1  1  1  1  1  1  1  1  1  1  1  1  1  1  1  1  1  2  2  2  3 

cascade cost: 2

1  1  1  1  1  1  1  1  1  1  1  1  1  1  1  1  1  1  1  1  1  1  1  1  1  1  1  1  1  1  1  1  1  1  1  1  1  1  1  1  1  1  1  1  1  1  1  1  1  1  1  1  1  1  1  1  1  1  1  2  2  2  2  2  2  2  2  2  2* 2  2  2 
1  1  1  1  1  1  1  1  1  1  1  1  1  1  1  1  1  1  1  1  1  1  1  1  1  1  1  1  1  1  1  1  1  1  1  1  1  1  1  1  1  1  1  1  1  1  1  1  1  1  1  1  1  1  1  1  1  1  1  1  1  1  1  1  1  1  1  1  1  1  1  1  1  1  1  1  2  2  2* 3 

cascade cost: 4

1  1  1  1  1  1  1  1  1  1  1* 1  1  1  1  1  1  1  1  1  1  1  1  1  1  1  1  1  1  1  1  1  1  1  1  1  1  1  1  1  1  1  1  1  1  1  1  1  1  1  1  1  1  1  1  1  1  1  1  2  2  2  2  2  2  2  2  2  2  2  2  2 
1  1  1  1  1  1  1  1  1  1  1  1  1  1  1  1  1  1  1  1  1  1  1  1  1  1  1  1  1  1  1  1  1  1  1  1  1  1  1  1  1  1  1  1  1  1  1  1  1  1* 1  1  1  1  1  1  1  1  1  1  1  1  1  1  1  1  1  1  1  1  1  1  1  1  1  1  2  3  4 

cascade cost: 2

1  1  1  1  1  1  1  1  1  1  1  1  1  1  1  1  1  1  1  1  1  1  1  1  1  1  1  1  1  1  1  1  1  1  1  1  1  1  1  1  1  1  1  1  1  1  1  1  1  1  1  1  1  1  1  1  1  1  1  2  2  2  2  2  2  2  2  2  2  2  2* 2 
1  1  1  1  1  1  1  1  1  1  1  1  1  1  1  1  1  1  1  1  1  1  1  1  1  1  1  1  1  1  1  1  1  1  1  1  1  1  1  1  1  1  1  1  1  1  1  1  1  1  1  1  1  1  1  1  1  1  1  1  1  1  1  1  1  1  1  1  1  1  1* 1  1  1  2  2  3  4 

cascade cost: 2

1  1  1  1  1  1  1  1  1  1  1  1  1  1  1  1  1  1  1  1  1  1  1  1  1  1  1  1  1  1  1  1  1  1  1  1  1  1  1  1  1  1  1  1  1  1  1  1  1  1  1  1  1  1  1  1  1  1  2  2  2* 2  2  2  2  2  2  2  2  2  3 
1  1  1  1  1  1  1  1  1  1  1  1  1  1  1  1  1  1  1  1  1  1  1  1  1  1  1  1  1  1  1  1  1  1  1  1  1  1  1  1  1  1  1  1  1  1  1  1  1  1  1  1  1  1  1  1  1  1  1  1  1  1  1  1  1  1  1  1  1  1  1  1  1  1  2  2  3  4*

cascade cost: 4

1  1  1  1  1  1  1  1  1  1  1  1  1  1  1  1  1  1  1  1  1  1  1  1  1  1  1  1  1  1  1  1  1  1  1  1  1* 1  1  1  1  1  1  1  1  1  1  1  1  1  1  1  1  1  1  1  1  1  2  2  2  2  2  2  2  2  2  2  2  2  3 
1  1  1  1  1  1  1  1  1  1  1  1  1  1  1  1  1  1  1  1  1  1  1  1  1  1  1  1  1  1  1  1  1  1  1  1  1  1  1  1  1  1  1  1  1  1  1* 1  1  1  1  1  1  1  1  1  1  1  1  1  1  1  1  1  1  1  1  1  1  1  1  1  1  1  2  3  6 

cascade cost: 2

1  1  1  1  1  1* 1  1  1  1  1  1  1  1  1  1  1  1  1  1  1  1  1  1  1  1  1  1  1  1  1  1  1  1  1  1  1  1  1  1  1  1  1  1  1  1  1  1  1  1  1  1  1  1  1  1  2  2  2  2  2  2  2  2  2  2  2  2  2  3 
1  1  1  1  1  1  1  1  1  1  1  1  1  1  1  1  1  1  1  1  1  1  1  1  1  1  1  1  1  1  1  1  1  1  1  1  1  1  1  1  1  1  1  1  1  1  1  1  1  1  1  1  1  1  1  1* 1  1  1  1  1  1  1  1  1  1  1  1  1  1  1  1  1  1  2  3  6 

cascade cost: 2

1  1  1  1  1  1  1  1  1  1  1  1  1  1  1  1  1  1  1  1  1  1  1  1  1  1  1  1  1  1  1  1  1  1  1  1  1  1  1  1  1  1  1  1* 1  1  1  1  1  1  1  1  1  1  2  2  2  2  2  2  2  2  2  2  2  2  2  2  3 
1  1  1  1  1  1  1  1  1  1  1  1  1  1  1  1  1  1  1  1  1  1  1  1  1  1  1  1  1  1  1  1  1  1  1  1* 1  1  1  1  1  1  1  1  1  1  1  1  1  1  1  1  1  1  1  1  1  1  1  1  1  1  1  1  1  1  1  1  1  1  1  1  1  1  2  3  6 

cascade cost: 2

1  1  1  1  1  1  1  1  1  1  1  1  1  1  1  1  1  1  1  1  1  1  1  1  1  1  1* 1  1  1  1  1  1  1  1  1  1  1  1  1  1  1  1  1  1  1  1  1  1  1  1  1  2  2  2  2  2  2  2  2  2  2  2  2  2  2  2  3 
1  1  1  1  1  1  1  1  1  1  1  1  1* 1  1  1  1  1  1  1  1  1  1  1  1  1  1  1  1  1  1  1  1  1  1  1  1  1  1  1  1  1  1  1  1  1  1  1  1  1  1  1  1  1  1  1  1  1  1  1  1  1  1  1  1  1  1  1  1  1  1  1  1  1  2  3  6 

cascade cost: 2

1  1  1  1  1  1  1  1  1  1  1* 1  1  1  1  1  1  1  1  1  1  1  1  1  1  1  1  1  1  1  1  1  1  1  1  1  1  1  1  1  1  1  1  1  1  1  1  1  1  1  2  2  2  2  2  2  2  2  2  2  2  2  2  2  2  2  3 
1  1* 1  1  1  1  1  1  1  1  1  1  1  1  1  1  1  1  1  1  1  1  1  1  1  1  1  1  1  1  1  1  1  1  1  1  1  1  1  1  1  1  1  1  1  1  1  1  1  1  1  1  1  1  1  1  1  1  1  1  1  1  1  1  1  1  1  1  1  1  1  1  1  1  2  3  6 

cascade cost: 2

1  1  1  1  1  1  1  1  1  1  1  1  1  1  1  1  1  1  1  1  1  1  1  1  1  1  1  1  1  1  1  1  1  1  1  1  1  1  1  1  1  1  1  1  1  1  1  1  2* 2  2  2  2  2  2  2  2  2  2  2  2  2  2  2  2  3 
1  1  1  1  1  1  1  1  1  1  1  1  1  1  1  1  1  1  1  1  1* 1  1  1  1  1  1  1  1  1  1  1  1  1  1  1  1  1  1  1  1  1  1  1  1  1  1  1  1  1  1  1  1  1  1  1  1  1  1  1  1  1  1  1  1  1  1  1  1  1  1  1  1  1  2  3  6 

cascade cost: 2

1  1  1  1  1  1  1  1* 1  1  1  1  1  1  1  1  1  1  1  1  1  1  1  1  1  1  1  1  1  1  1  1  1  1  1  1  1  1  1  1  1  1  1  1  1  1  1  2  2  2  2  2  2  2  2  2  2  2  2  2  2  2  2  3  3 
1  1  1  1  1  1  1  1  1  1  1  1  1  1  1  1  1  1  1  1  1  1  1  1  1  1  1  1  1  1  1  1  1  1  1  1  1  1  1  1  1  1  1  1  1  1  1  1  1  1  1  1  1  1  1  1  1  1  1  1  1  1  1  1  1  1  1  1  1  1  1  1  1  1  2* 3  6 

cascade cost: 2

1  1  1  1  1  1  1  1  1  1  1  1  1  1  1  1  1  1  1  1  1  1  1  1  1  1  1  1  1  1  1  1  1  1  1  1  1  1  1  1  1  1  1  1* 1  1  1  2  2  2  2  2  2  2  2  2  2  2  2  2  2  2  2  3  3 
1  1  1  1  1  1  1  1  1  1  1  1  1  1  1* 1  1  1  1  1  1  1  1  1  1  1  1  1  1  1  1  1  1  1  1  1  1  1  1  1  1  1  1  1  1  1  1  1  1  1  1  1  1  1  1  1  1  1  1  1  1  1  1  1  1  1  1  1  1  1  1  1  1  3  3  6 

cascade cost: 2

1  1  1  1  1  1  1  1  1  1  1  1  1  1* 1  1  1  1  1  1  1  1  1  1  1  1  1  1  1  1  1  1  1  1  1  1  1  1  1  1  1  1  1  1  1  2  2  2  2  2  2  2  2  2  2  2  2  2  2  2  2  2  3  3 
1  1  1  1  1  1  1  1  1  1  1  1  1  1  1  1  1  1  1  1  1  1  1  1  1  1  1  1  1  1  1  1  1  1* 1  1  1  1  1  1  1  1  1  1  1  1  1  1  1  1  1  1  1  1  1  1  1  1  1  1  1  1  1  1  1  1  1  1  1  1  1  1  1  3  3  6 

cascade cost: 2

1  1  1  1  1  1  1  1  1  1  1  1  1  1  1  1  1  1  1  1  1  1  1  1* 1  1  1  1  1  1  1  1  1  1  1  1  1  1  1  1  1  1  1  2  2  2  2  2  2  2  2  2  2  2  2  2  2  2  2  2  2  3  3 
1  1  1  1  1  1  1  1  1  1  1  1  1  1  1  1  1  1  1  1  1  1  1  1  1  1  1  1  1  1  1  1  1  1  1  1  1  1  1  1  1  1  1  1  1  1  1  1  1  1* 1  1  1  1  1  1  1  1  1  1  1  1  1  1  1  1  1  1  1  1  1  1  1  3  3  6 

cascade cost: 2

1  1  1  1  1  1  1  1  1  1  1  1  1  1  1  1  1  1  1  1  1  1  1  1  1  1  1  1  1  1  1  1  1  1  1  1  1  1  1  1  1  2  2  2  2  2  2  2  2  2  2  2  2  2  2* 2  2  2  2  2  3  3 
1  1  1  1  1  1  1  1  1  1  1  1  1  1  1  1  1  1  1  1  1  1  1  1  1  1  1  1  1  1  1  1  1  1  1  1  1  1  1  1  1  1  1  1  1  1  1  1  1  1  1  1  1  1* 1  1  1  1  1  1  1  1  1  1  1  1  1  1  1  1  1  1  1  3  3  6 

cascade cost: 2

1  1  1  1  1  1  1  1  1  1  1  1  1  1  1  1  1  1  1  1  1  1  1  1  1  1  1  1  1  1  1  1  1  1  1  1  1  1  1  1  2  2  2  2  2* 2  2  2  2  2  2  2  2  2  2  2  2  2  3  3  3 
1  1  1  1  1  1* 1  1  1  1  1  1  1  1  1  1  1  1  1  1  1  1  1  1  1  1  1  1  1  1  1  1  1  1  1  1  1  1  1  1  1  1  1  1  1  1  1  1  1  1  1  1  1  1  1  1  1  1  1  1  1  1  1  1  1  1  1  1  1  1  1  1  1  3  3  6 

cascade cost: 2

1  1  1  1  1  1  1  1  1  1  1  1  1  1  1  1  1  1  1  1  1  1  1  1  1  1  1  1  1  1  1  1  1  1  1  1  1  1  1  2* 2  2  2  2  2  2  2  2  2  2  2  2  2  2  2  2  3  3  3  3 
1  1  1  1  1  1  1  1  1  1  1  1  1  1  1  1  1  1  1  1  1  1  1  1  1  1  1  1  1  1  1  1  1* 1  1  1  1  1  1  1  1  1  1  1  1  1  1  1  1  1  1  1  1  1  1  1  1  1  1  1  1  1  1  1  1  1  1  1  1  1  1  1  1  3  3  6 

cascade cost: 2

1  1  1  1* 1  1  1  1  1  1  1  1  1  1  1  1  1  1  1  1  1  1  1  1  1  1  1  1  1  1  1  1  1  1  1  1  1  1  2  2  2  2  2  2  2  2  2  2  2  2  2  2  2  2  3  3  3  3  3 
1  1  1  1  1  1  1  1  1  1  1  1  1  1  1  1  1  1* 1  1  1  1  1  1  1  1  1  1  1  1  1  1  1  1  1  1  1  1  1  1  1  1  1  1  1  1  1  1  1  1  1  1  1  1  1  1  1  1  1  1  1  1  1  1  1  1  1  1  1  1  1  1  1  3  3  6 

cascade cost: 2

1  1  1  1  1  1  1  1  1  1  1  1  1  1  1  1  1  1  1  1  1  1  1  1  1  1  1  1  1  1  1  1  1  1  1  1  2  2  2  2* 2  2  2  2  2  2  2  2  2  2  2  2  2  3  3  3  3  3 
1  1  1  1  1  1  1  1  1  1  1  1  1  1  1  1  1  1  1  1  1  1  1  1  1  1  1  1  1  1  1  1  1  1  1  1  1  1  1  1  1  1  1  1  1  1  1  1  1  1  1  1  1  1  1  1  1  1  1  1  1  1  1  1  1  1  1  1  1  1  1  1* 1  3  3  6 

cascade cost: 2

1  1  1  1* 1  1  1  1  1  1  1  1  1  1  1  1  1  1  1  1  1  1  1  1  1  1  1  1  1  1  1  1  1  1  1  2  2  2  2  2  2  2  2  2  2  2  2  2  2  2  2  3  3  3  3  3  3 
1  1  1  1  1  1  1  1  1  1  1  1  1  1  1  1  1  1  1  1  1  1  1  1  1  1  1  1  1  1  1  1  1  1  1  1  1  1  1  1  1  1  1  1  1  1  1  1  1  1  1  1  1  1  1  1  1  1* 1  1  1  1  1  1  1  1  1  1  1  1  1  1  1  3  3  6 

cascade cost: 2

1  1  1  1  1  1* 1  1  1  1  1  1  1  1  1  1  1  1  1  1  1  1  1  1  1  1  1  1  1  1  1  1  1  2  2  2  2  2  2  2  2  2  2  2  2  2  2  2  2  2  3  3  3  3  3  3 
1  1  1  1  1  1  1  1  1  1  1  1  1  1  1  1  1  1  1  1  1  1  1  1  1  1  1  1* 1  1  1  1  1  1  1  1  1  1  1  1  1  1  1  1  1  1  1  1  1  1  1  1  1  1  1  1  1  1  1  1  1  1  1  1  1  1  1  1  1  1  1  1  1  3  3  6 

cascade cost: 2

1  1  1  1  1  1  1  1  1  1  1  1  1  1  1  1  1  1  1  1  1  1  1* 1  1  1  1  1  1  1  1  2  2  2  2  2  2  2  2  2  2  2  2  2  2  2  2  2  2  3  3  3  3  3  3 
1  1  1  1  1  1  1  1  1  1  1  1  1  1  1  1  1  1* 1  1  1  1  1  1  1  1  1  1  1  1  1  1  1  1  1  1  1  1  1  1  1  1  1  1  1  1  1  1  1  1  1  1  1  1  1  1  1  1  1  1  1  1  1  1  1  1  1  1  1  1  1  1  1  3  3  6 

cascade cost: 2

1  1  1  1  1  1  1  1  1  1  1  1  1  1  1  1  1  1  1  1  1  1  1  1  1  1  1  1  1  2  2  2  2  2  2  2  2  2  2  2  2  2  2  2  2  2  2  2* 3  3  3  3  3  3 
1  1  1  1  1  1  1  1  1  1  1  1  1  1  1  1  1  1  1  1  1  1  1  1  1  1  1  1  1  1  1  1  1  1  1  1  1  1  1  1  1  1  1  1  1  1  1  1  1  1  1* 1  1  1  1  1  1  1  1  1  1  1  1  1  1  1  1  1  1  1  1  1  1  3  3  6 

cascade cost: 2

1* 1  1  1  1  1  1  1  1  1  1  1  1  1  1  1  1  1  1  1  1  1  1  1  1  1  1  1  2  2  2  2  2  2  2  2  2  2  2  2  2  2  2  2  2  2  3  3  3  3  3  3  3 
1  1  1  1  1  1  1  1  1  1  1  1  1  1  1  1  1  1  1  1  1  1  1  1  1  1  1  1  1  1  1  1  1  1  1  1  1  1  1  1  1  1  1  1  1  1  1  1  1  1  1  1  1  1  1  1  1  1  1  1  1  1  1  1  1  1  1  1  1  1  1* 1  1  3  3  6 

cascade cost: 2

1  1  1  1  1  1  1  1  1  1  1  1  1  1  1  1  1  1  1  1  1  1  1  1  1  1  2  2  2  2* 2  2  2  2  2  2  2  2  2  2  2  2  2  2  2  3  3  3  3  3  3  3 
1  1  1  1  1  1  1  1  1  1* 1  1  1  1  1  1  1  1  1  1  1  1  1  1  1  1  1  1  1  1  1  1  1  1  1  1  1  1  1  1  1  1  1  1  1  1  1  1  1  1  1  1  1  1  1  1  1  1  1  1  1  1  1  1  1  1  1  1  1  1  1  1  1  3  3  6 

cascade cost: 2

1* 1  1  1  1  1  1  1  1  1  1  1  1  1  1  1  1  1  1  1  1  1  1  1  1  2  2  2  2  2  2  2  2  2  2  2  2  2  2  2  2  2  2  3  3  3  3  3  3  3  3 
1  1  1  1  1  1  1  1  1  1  1  1  1  1  1  1  1  1  1  1  1  1  1  1  1  1  1  1  1  1  1  1  1  1  1  1  1  1  1  1  1  1  1  1  1  1  1* 1  1  1  1  1  1  1  1  1  1  1  1  1  1  1  1  1  1  1  1  1  1  1  1  1  1  3  3  6 

cascade cost: 2

1  1  1  1  1* 1  1  1  1  1  1  1  1  1  1  1  1  1  1  1  1  1  1  2  2  2  2  2  2  2  2  2  2  2  2  2  2  2  2  2  2  2  3  3  3  3  3  3  3  3 
1* 1  1  1  1  1  1  1  1  1  1  1  1  1  1  1  1  1  1  1  1  1  1  1  1  1  1  1  1  1  1  1  1  1  1  1  1  1  1  1  1  1  1  1  1  1  1  1  1  1  1  1  1  1  1  1  1  1  1  1  1  1  1  1  1  1  1  1  1  1  1  1  1  3  3  6 

cascade cost: 2

1  1  1  1  1  1  1  1  1  1  1  1  1  1  1  1  1  1  1  1  1  2  2  2  2  2  2  2  2  2  2  2  2  2  2  2  2  2* 2  2  2  3  3  3  3  3  3  3  3 
1  1  1  1  1  1  1  1  1  1  1  1  1  1  1  1  1  1  1  1  1  1  1  1  1  1  1  1  1  1  1  1  1  1  1  1  1* 1  1  1  1  1  1  1  1  1  1  1  1  1  1  1  1  1  1  1  1  1  1  1  1  1  1  1  1  1  1  1  1  1  1  1  1  3  3  6 

cascade cost: 2

1* 1  1  1  1  1  1  1  1  1  1  1  1  1  1  1  1  1  1  1  2  2  2  2  2  2  2  2  2  2  2  2  2  2  2  2  2  2  2  3  3  3  3  3  3  3  3  3 
1  1  1  1  1  1  1  1  1  1  1  1  1  1  1  1  1  1  1  1  1  1  1  1  1  1  1  1  1  1  1  1  1  1  1  1  1  1  1  1  1  1  1  1  1  1  1  1  1  1  1  1  1  1  1  1  1  1  1  1  1  1  1  1  1  1  1  1* 1  1  1  1  1  3  3  6 

cascade cost: 2

1  1  1  1  1  1  1* 1  1  1  1  1  1  1  1  1  1  1  2  2  2  2  2  2  2  2  2  2  2  2  2  2  2  2  2  2  2  2  3  3  3  3  3  3  3  3  3 
1  1  1  1  1  1  1  1  1  1  1  1  1  1  1  1  1  1  1  1  1  1  1  1  1  1  1  1  1  1  1  1  1  1  1  1  1  1  1  1  1  1  1  1  1  1  1  1  1  1  1  1  1  1  1  1  1  1  1  1  1  1  1  1  1  1  1  1  1  1  1  1* 1  3  3  6 

cascade cost: 2

1  1  1  1  1  1  1  1  1  1  1  1  1  1  1  1  2  2  2  2  2  2  2  2  2  2  2  2  2  2  2  2  2  2  2  2  2* 3  3  3  3  3  3  3  3  3 
1  1  1* 1  1  1  1  1  1  1  1  1  1  1  1  1  1  1  1  1  1  1  1  1  1  1  1  1  1  1  1  1  1  1  1  1  1  1  1  1  1  1  1  1  1  1  1  1  1  1  1  1  1  1  1  1  1  1  1  1  1  1  1  1  1  1  1  1  1  1  1  1  1  3  3  6 

cascade cost: 2

1  1  1  1  1  1  1  1  1  1  1  1  1  1  1  2  2  2  2  2  2  2  2  2  2  2  2  2* 2  2  2  2  2  2  2  3  3  3  3  3  3  3  3  3  3 
1  1  1  1  1  1  1  1  1  1  1  1* 1  1  1  1  1  1  1  1  1  1  1  1  1  1  1  1  1  1  1  1  1  1  1  1  1  1  1  1  1  1  1  1  1  1  1  1  1  1  1  1  1  1  1  1  1  1  1  1  1  1  1  1  1  1  1  1  1  1  1  1  1  3  3  6 

cascade cost: 2

1  1  1  1  1  1  1  1  1  1  1  1  1  1  2  2  2  2  2  2  2  2  2  2  2  2  2  2  2  2  2  2  2  3  3  3  3  3* 3  3  3  3  3  3 
1  1  1  1  1  1  1  1  1  1  1  1  1  1  1  1  1  1  1  1  1  1  1  1  1  1  1  1  1  1  1  1  1  1  1  1  1  1  1  1  1* 1  1  1  1  1  1  1  1  1  1  1  1  1  1  1  1  1  1  1  1  1  1  1  1  1  1  1  1  1  1  1  1  3  3  6 

cascade cost: 2

1  1  1  1  1  1  1  1  1  1  1  1  1  2  2  2  2  2  2  2  2* 2  2  2  2  2  2  2  2  2  2  2  3  3  3  3  3  3  3  3  3  3  4 
1  1  1  1  1  1  1  1  1  1  1  1  1  1  1  1  1  1  1  1  1  1  1  1  1  1  1  1  1  1  1  1  1  1  1  1  1  1  1  1  1* 1  1  1  1  1  1  1  1  1  1  1  1  1  1  1  1  1  1  1  1  1  1  1  1  1  1  1  1  1  1  1  1  3  3  6 

cascade cost: 2

1  1  1  1  1* 1  1  1  1  1  1  1  2  2  2  2  2  2  2  2  2  2  2  2  2  2  2  2  2  2  3  3  3  3  3  3  3  3  3  3  3  4 
1  1  1  1  1  1  1  1  1  1  1  1  1  1  1  1  1  1  1  1  1  1  1  1  1  1  1  1  1  1  1  1  1  1  1  1  1  1* 1  1  1  1  1  1  1  1  1  1  1  1  1  1  1  1  1  1  1  1  1  1  1  1  1  1  1  1  1  1  1  1  1  1  1  3  3  6 

cascade cost: 2

1  1  1  1  1  1  1  1  1  1  2  2  2  2  2  2  2  2  2  2  2  2  2  2* 2  2  2  2  2  3  3  3  3  3  3  3  3  3  3  3  4 
1  1  1  1  1  1  1  1  1  1  1  1  1  1  1  1  1  1  1  1  1  1  1  1  1  1  1  1  1  1  1  1  1  1  1  1  1  1  1  1  1  1  1  1  1  1  1  1  1  1  1  1  1  1  1  1  1  1  1  1  1  1  1  1  1  1  1  1  1  1  1* 1  1  3  3  6 

cascade cost: 2

1  1  1  1  1  1  1  1  1  2  2  2  2  2  2* 2  2  2  2  2  2  2  2  2  2  2  2  3  3  3  3  3  3  3  3  3  3  3  3  4 
1  1  1  1  1  1  1  1  1  1  1  1  1  1  1  1  1  1  1  1  1  1  1  1  1  1  1  1  1  1  1  1  1  1  1  1  1  1  1  1  1  1  1  1  1  1  1  1  1  1  1  1  1  1  1* 1  1  1  1  1  1  1  1  1  1  1  1  1  1  1  1  1  1  3  3  6 

cascade cost: 2

1  1  1  1  1  1  1  1  2  2  2  2  2  2  2  2  2  2  2  2  2  2  2  2  2  3* 3  3  3  3  3  3  3  3  3  3  3  3  4 
1  1  1  1  1  1  1  1  1  1  1  1  1  1  1  1  1  1  1  1  1  1  1  1  1  1  1  1  1  1  1  1  1  1  1  1  1  1  1  1  1  1  1  1  1  1  1  1  1  1  1  1  1  1  1  1  1  1  1  1  1  1  1  1  1  1  1  1  1  1  1  1  1* 3  3  6 

cascade cost: 2

1  1  1  1  1  1  1  2  2  2  2  2  2  2  2  2* 2  2  2  2  2  2  2  2  3  3  3  3  3  3  3  3  3  3  3  3  4  4 
1  1  1  1  1  1  1  1  1  1  1  1  1  1  1  1  1  1  1  1  1  1  1  1  1  1  1  1  1  1  1  1  1  1  1  1  1  1  1  1* 1  1  1  1  1  1  1  1  1  1  1  1  1  1  1  1  1  1  1  1  1  1  1  1  1  1  1  1  1  1  1  1  1  3  3  6 

cascade cost: 2

1  1  1  1  1  1* 2  2  2  2  2  2  2  2  2  2  2  2  2  2  2  2  3  3  3  3  3  3  3  3  3  3  3  3  3  4  4 
1  1  1  1  1  1  1  1  1  1  1  1  1  1  1  1  1  1  1  1  1  1  1  1  1  1  1  1  1  1  1  1  1  1  1  1  1  1  1  1  1  1  1  1  1  1  1  1  1  1  1  1  1  1  1  1  1  1  1  1  1  1  1* 1  1  1  1  1  1  1  1  1  1  3  3  6 

cascade cost: 2

1  1  1  1  2  2  2  2  2  2  2  2  2  2  2  2  2  2  2  2  2  3  3  3  3  3  3  3  3  3  3  3* 3  3  4  4 
1  1  1  1  1  1  1  1  1  1  1  1  1  1  1  1  1  1  1  1  1  1  1  1  1  1  1  1  1  1  1  1  1  1  1  1  1  1  1  1  1  1  1  1  1  1  1  1  1  1* 1  1  1  1  1  1  1  1  1  1  1  1  1  1  1  1  1  1  1  1  1  1  1  3  3  6 

cascade cost: 2

1  1  1  2  2  2  2  2  2  2  2  2  2  2  2* 2  2  2  2  2  3  3  3  3  3  3  3  3  3  3  3  3  4  4  4 
1  1  1  1  1  1  1  1  1  1  1  1  1  1  1  1  1  1  1  1  1  1  1  1  1  1  1  1  1  1  1  1  1  1  1  1  1  1  1  1* 1  1  1  1  1  1  1  1  1  1  1  1  1  1  1  1  1  1  1  1  1  1  1  1  1  1  1  1  1  1  1  1  1  3  3  6 

cascade cost: 2

1  1  2  2  2  2  2  2  2  2  2  2  2  2  2  2  2  2  3  3  3  3  3  3  3  3  3  3  3  3  3* 4  4  4 
1  1  1  1  1  1  1  1  1  1  1  1  1  1  1  1  1  1  1  1  1  1  1  1  1  1  1  1  1  1  1  1  1  1  1  1  1  1  1  1  1  1  1  1  1  1  1  1  1  1  1  1  1  1  1  1  1  1* 1  1  1  1  1  1  1  1  1  1  1  1  1  1  1  3  3  6 

cascade cost: 2

1  2  2  2  2  2  2  2  2  2  2  2  2  2  2  2  2  3  3  3  3  3  3  3  3  3* 3  3  3  4  4  4  4 
1  1  1  1  1  1  1  1  1  1  1  1  1  1  1  1  1  1  1  1  1  1  1  1  1  1  1  1  1  1  1  1  1  1  1  1* 1  1  1  1  1  1  1  1  1  1  1  1  1  1  1  1  1  1  1  1  1  1  1  1  1  1  1  1  1  1  1  1  1  1  1  1  1  3  3  6 

cascade cost: 2

2  2  2  2  2  2  2  2  2  2  2  2  2  2  2  2  3  3  3* 3  3  3  3  3  3  3  3  4  4  4  4  4 
1  1  1  1  1  1  1  1  1  1  1  1  1  1  1  1  1  1  1  1  1  1  1  1  1  1  1  1  1* 1  1  1  1  1  1  1  1  1  1  1  1  1  1  1  1  1  1  1  1  1  1  1  1  1  1  1  1  1  1  1  1  1  1  1  1  1  1  1  1  1  1  1  1  3  3  6 

cascade cost: 4

1  2  2  2  2  2* 2  2  2  2  2  2  2  2  2  2  3  3  3  3  3  3  3  3  3  3  4  4  4  4  4  4 
1  1  1  1  1  1  1  1* 1  1  1  1  1  1  1  1  1  1  1  1  1  1  1  1  1  1  1  1  1  1  1  1  1  1  1  1  1  1  1  1  1  1  1  1  1  1  1  1  1  1  1  1  1  1  1  1  1  1  1  1  1  1  1  1  1  1  1  1  1  1  1  2  3  3  6 

cascade cost: 2

2  2  2  2  2  2  2  2  2  2  2  2* 2  2  3  3  3  3  3  3  3  3  3  3  3  4  4  4  4  4  4 
1  1  1  1  1  1* 1  1  1  1  1  1  1  1  1  1  1  1  1  1  1  1  1  1  1  1  1  1  1  1  1  1  1  1  1  1  1  1  1  1  1  1  1  1  1  1  1  1  1  1  1  1  1  1  1  1  1  1  1  1  1  1  1  1  1  1  1  1  1  1  1  2  3  3  6 

cascade cost: 4

1  2  2  2  2  2  2  2  2  2  2  2  2  3  3  3  3  3  3  3  3  3  3  3* 3  4  4  4  4  4  4 
1  1  1  1  1  1  1  1  1  1  1  1  1  1  1  1  1  1  1  1  1  1  1  1  1  1  1  1  1* 1  1  1  1  1  1  1  1  1  1  1  1  1  1  1  1  1  1  1  1  1  1  1  1  1  1  1  1  1  1  1  1  1  1  1  1  1  1  1  1  2  2  3  3  6 

cascade cost: 2

2* 2  2  2  2  2  2  2  2  2  2  2  3  3  3  3  3  3  3  3  3  3  3  4  4  4  4  4  4  4 
1  1  1  1  1  1  1  1  1  1  1  1  1  1  1  1  1  1  1  1  1  1  1  1  1* 1  1  1  1  1  1  1  1  1  1  1  1  1  1  1  1  1  1  1  1  1  1  1  1  1  1  1  1  1  1  1  1  1  1  1  1  1  1  1  1  1  1  1  1  2  2  3  3  6 

cascade cost: 4

1  2  2  2  2  2  2  2  2  2  2  3  3  3  3  3* 3  3  3  3  3  3  3  4  4  4  4  4  4  4 
1  1  1  1  1  1  1  1  1  1  1  1  1  1  1  1  1  1  1  1  1  1  1  1  1  1  1  1  1  1  1  1  1  1  1  1  1  1  1  1* 1  1  1  1  1  1  1  1  1  1  1  1  1  1  1  1  1  1  1  1  1  1  1  1  1  1  1  2  2  2  3  3  6 

cascade cost: 2

2  2  2  2  2  2  2  2  2* 2  3  3  3  3  3  3  3  3  3  3  3  4  4  4  4  4  4  4  4 
1  1  1  1  1  1  1  1  1  1  1  1  1  1  1  1  1  1  1  1  1  1  1  1  1  1  1  1  1  1  1  1  1  1  1  1  1  1  1  1  1  1  1  1  1  1  1  1  1  1* 1  1  1  1  1  1  1  1  1  1  1  1  1  1  1  1  1  2  2  2  3  3  6 

cascade cost: 4

1  2  2  2  2  2  2  2  2  3  3  3  3  3  3  3  3  3  3  3  3  4  4  4  4  4  4* 4  4 
1  1  1  1  1  1  1  1  1  1  1  1  1  1  1  1  1  1  1  1  1  1  1  1  1  1  1  1  1  1  1  1  1  1* 1  1  1  1  1  1  1  1  1  1  1  1  1  1  1  1  1  1  1  1  1  1  1  1  1  1  1  1  1  1  1  2  2  2  2  3  3  6 

cascade cost: 2

2  2  2  2  2  2  2* 2  3  3  3  3  3  3  3  3  3  3  3  3  4  4  4  4  4  4  4  5 
1  1  1  1  1  1  1  1  1  1  1  1  1  1  1  1  1  1  1  1  1  1  1  1  1  1  1  1  1  1  1  1  1  1  1  1  1  1  1  1  1  1  1  1  1  1  1  1* 1  1  1  1  1  1  1  1  1  1  1  1  1  1  1  1  1  2  2  2  2  3  3  6 

cascade cost: 4

1  2  2  2  2  2  2  3  3  3  3  3  3  3  3  3  3  3  3  3  4  4  4  4* 4  4  4  5 
1  1  1  1  1  1  1  1  1  1  1  1  1  1  1  1  1  1  1  1  1  1  1  1  1  1  1  1  1  1  1  1  1  1  1  1  1  1  1  1  1  1  1  1  1  1* 1  1  1  1  1  1  1  1  1  1  1  1  1  1  1  1  1  2  2  2  2  2  3  3  6 

cascade cost: 2

2  2  2  2  2  2  3  3  3  3* 3  3  3  3  3  3  3  3  3  4  4  4  4  4  4  5  5 
1  1  1  1  1  1  1  1  1  1  1  1  1  1  1  1  1  1  1  1  1  1  1  1  1  1  1  1  1* 1  1  1  1  1  1  1  1  1  1  1  1  1  1  1  1  1  1  1  1  1  1  1  1  1  1  1  1  1  1  1  1  1  1  2  2  2  2  2  3  3  6 

cascade cost: 4

1  2  2  2  2  2  3  3  3  3  3  3  3  3  3  3  3  3* 4  4  4  4  4  4  4  5  5 
1  1  1  1  1  1  1  1  1  1  1  1  1  1  1  1  1  1  1  1  1  1  1  1  1  1  1  1  1  1  1  1  1  1  1  1  1  1  1  1  1  1  1  1  1  1* 1  1  1  1  1  1  1  1  1  1  1  1  1  1  1  2  2  2  2  2  2  3  3  6 

cascade cost: 2

2  2  2  2  2  3  3  3  3  3  3  3  3  3  3  3  4  4  4  4  4* 4  4  4  5  5 
1  1  1  1  1  1  1  1  1  1  1  1  1  1  1  1  1  1  1  1  1  1  1  1  1  1  1  1  1  1  1  1  1  1  1  1  1  1  1  1  1  1  1  1  1  1  1  1  1  1  1  1  1  1  1  1  1  1  1  1  1  2  2* 2  2  2  2  3  3  6 

cascade cost: 4

2  2  2  2  3  3  3  3  3  3  3* 3  3  3  3  4  4  4  4  4  4  4  5  5  6 
1  1  1  1* 1  1  1  1  1  1  1  1  1  1  1  1  1  1  1  1  1  1  1  1  1  1  1  1  1  1  1  1  1  1  1  1  1  1  1  1  1  1  1  1  1  1  1  1  1  1  1  1  1  1  1  1  1  1  1  1  1  2  2  2  2  2  2  3  3  6 

cascade cost: 4

1  2  2  2  3  3  3  3  3  3  3  3  3  3  4  4  4  4  4* 4  4  4  5  5  6 
1  1  1  1  1  1  1  1  1  1  1  1  1  1  1  1  1  1  1  1  1  1  1  1  1  1  1  1  1  1  1  1  1  1  1* 1  1  1  1  1  1  1  1  1  1  1  1  1  1  1  1  1  1  1  1  1  1  1  1  2  2  2  2  2  2  2  3  3  6 

cascade cost: 2

2* 2  2  3  3  3  3  3  3  3  3  3  3  4  4  4  4  4  4  4  5  5  5  6 
1  1  1  1  1  1  1  1  1  1  1  1  1* 1  1  1  1  1  1  1  1  1  1  1  1  1  1  1  1  1  1  1  1  1  1  1  1  1  1  1  1  1  1  1  1  1  1  1  1  1  1  1  1  1  1  1  1  1  1  2  2  2  2  2  2  2  3  3  6 

cascade cost: 4

1  2  3  3  3  3  3  3  3  3  3  3  3* 4  4  4  4  4  4  4  5  5  5  6 
1  1  1  1  1  1  1  1  1  1  1  1  1  1  1  1* 1  1  1  1  1  1  1  1  1  1  1  1  1  1  1  1  1  1  1  1  1  1  1  1  1  1  1  1  1  1  1  1  1  1  1  1  1  1  1  1  1  2  2  2  2  2  2  2  2  3  3  6 

cascade cost: 2

2  3  3  3  3  3  3  3* 3  3  3  4  4  4  4  4  4  4  4  5  5  5  6 
1  1  1  1  1  1  1  1  1  1  1  1  1  1  1  1  1  1  1  1  1  1  1  1  1  1  1  1  1  1  1  1  1  1  1  1  1  1* 1  1  1  1  1  1  1  1  1  1  1  1  1  1  1  1  1  1  1  2  2  2  2  2  2  2  2  3  3  6 

cascade cost: 4

1  3  3  3  3  3  3  3  3  3  4  4  4  4  4  4* 4  4  4  5  5  5  6 
1  1  1  1  1  1  1  1  1  1  1  1  1  1  1  1  1  1  1  1  1  1  1  1  1  1  1  1  1  1  1  1  1  1  1  1  1  1  1  1  1* 1  1  1  1  1  1  1  1  1  1  1  1  1  1  2  2  2  2  2  2  2  2  2  3  3  6 

cascade cost: 2

3  3  3  3  3  3  3  3  3* 4  4  4  4  4  4  4  4  5  5  5  5  6 
1  1  1  1  1  1  1  1  1  1  1  1  1  1  1  1  1  1  1  1  1  1  1  1  1  1  1  1  1  1  1  1* 1  1  1  1  1  1  1  1  1  1  1  1  1  1  1  1  1  1  1  1  1  1  1  2  2  2  2  2  2  2  2  2  3  3  6 

cascade cost: 6

1  1  3  3  3  3  3  3  3  4  4  4  4  4  4  4* 4  4  5  5  5  5  6 
1  1  1  1  1  1  1  1  1  1  1  1  1  1  1  1  1  1  1  1  1  1  1  1  1  1* 1  1  1  1  1  1  1  1  1  1  1  1  1  1  1  1  1  1  1  1  1  1  1  1  1  1  2  2  2  2  2  2  2  2  2  3  3  3  6 

cascade cost: 2

1  3  3  3  3  3  3  3  4  4  4  4  4  4  4  4  5  5  5  5* 5  6 
1  1  1  1  1  1  1  1  1  1  1  1  1  1  1  1* 1  1  1  1  1  1  1  1  1  1  1  1  1  1  1  1  1  1  1  1  1  1  1  1  1  1  1  1  1  1  1  1  1  1  1  1  2  2  2  2  2  2  2  2  2  3  3  3  6 

cascade cost: 2

3  3  3  3  3  3* 3  4  4  4  4  4  4  4  4  5  5  5  5  6  6 
1  1  1  1  1  1  1  1  1  1  1  1  1  1  1  1  1  1  1  1  1  1  1  1  1  1  1  1  1  1  1  1  1  1  1  1  1  1* 1  1  1  1  1  1  1  1  1  1  1  1  1  1  2  2  2  2  2  2  2  2  2  3  3  3  6 

cascade cost: 6

3  3  3  3  3* 3  3  4  4  4  4  4  4  4  4  5  5  5  5  6  6 
1  1  1  1  1  1  1  1  1  1* 1  1  1  1  1  1  1  1  1  1  1  1  1  1  1  1  1  1  1  1  1  1  1  1  1  1  1  1  1  1  1  1  1  1  1  1  1  1  1  1  1  2  2  2  2  2  2  2  2  2  3  3  4  6 

cascade cost: 6

3  3  3  3  3* 3  3  4  4  4  4  4  4  4  4  5  5  5  5  6  6 
1  1  1  1  1  1  1  1  1  1  1  1  1  1* 1  1  1  1  1  1  1  1  1  1  1  1  1  1  1  1  1  1  1  1  1  1  1  1  1  1  1  1  1  1  1  1  1  1  1  1  2  2  2  2  2  2  2  2  2  3  4  4  6 

cascade cost: 6

3  3  3  3  3  3  3  4  4  4  4  4  4  4* 4  5  5  5  5  6  6 
1  1  1  1  1  1  1  1  1  1  1  1  1  1  1  1  1  1  1* 1  1  1  1  1  1  1  1  1  1  1  1  1  1  1  1  1  1  1  1  1  1  1  1  1  1  1  1  1  1  2  2  2  2  2  2  2  2  2  4  4  4  6 

cascade cost: 6

1  1  3  3* 3  3  3  3  4  4  4  4  4  4  4  5  5  5  5  5  6  6 
1  1  1  1  1  1  1  1  1  1  1  1  1  1  1  1  1  1  1  1  1  1  1  1  1  1  1  1  1  1  1  1  1  1  1  1  1  1  1  1  1  1* 1  1  1  1  2  2  2  2  2  2  2  2  2  3  4  4  4  6 

cascade cost: 2

1  3  3  3  3  3* 4  4  4  4  4  4  4  4  5  5  5  5  5  6  6 
1  1  1  1  1  1  1  1  1  1  1  1  1  1  1  1  1  1  1  1  1  1  1  1  1  1  1  1  1  1  1  1  1  1  1  1  1  1  1  1  1  1  1  1  1  1  2  2  2  2* 2  2  2  2  2  3  4  4  4  6 

cascade cost: 6

1  1  1  1  3* 3  3  3  4  4  4  4  4  4  4  4  5  5  5  5  5  6  6 
1  1  1  1  1  1  1  1  1  1  1  1  1  1  1  1  1  1  1  1  1  1  1  1* 1  1  1  1  1  1  1  1  1  1  1  1  1  1  1  1  1  1  1  2  2  2  2  2  2  2  2  3  4  4  4  5  6 

cascade cost: 2

1  1  1  3  3  3  4  4  4  4  4  4  4  4  4  5  5  5  5  5  6* 6 
1  1  1  1  1  1  1  1  1  1  1  1  1  1  1  1  1  1  1  1  1  1  1  1  1  1  1  1  1  1  1  1  1  1  1  1  1  1  1  1  1* 1  1  2  2  2  2  2  2  2  2  3  4  4  4  5  6 

cascade cost: 2

1  1  3  3  3  4  4  4  4  4  4  4  4  4  5  5  5  5  5  6  7*
1  1  1  1  1  1  1  1  1  1  1  1  1  1  1  1  1  1  1  1  1  1  1  1  1  1  1  1  1  1  1  1  1  1  1  1  1  1  1  1  1* 1  1  2  2  2  2  2  2  2  2  3  4  4  4  5  6 

cascade cost: 2

1  3  3  3  4* 4  4  4  4  4  4  4  4  5  5  5  5  5  6  8 
1  1  1  1  1  1  1  1  1  1  1  1  1  1  1  1  1  1  1  1  1  1  1  1  1  1  1  1  1  1  1  1  1  1  1  1  1  1  1  1  1  1  1  2  2  2  2  2  2  2* 2  3  4  4  4  5  6 

cascade cost: 6

1  1  3  3  4  4  4  4  4  4  4  4  5  5  5  5  5* 6  6  8 
1  1  1  1* 1  1  1  1  1  1  1  1  1  1  1  1  1  1  1  1  1  1  1  1  1  1  1  1  1  1  1  1  1  1  1  1  1  1  1  1  1  1  2  2  2  2  2  2  2  3  3  4  4  4  5  6 

cascade cost: 2

1  3  3  4  4  4  4  4  4  4  4  5  5  5* 5  6  6  6  8 
1  1  1  1  1  1  1  1  1  1  1  1  1  1  1  1  1  1  1  1  1  1  1  1  1  1  1  1  1  1  1  1  1  1  1  1  1  1  1  1  1  1  2  2  2  2  2  2  2  3* 3  4  4  4  5  6 

cascade cost: 6

1  3  4* 4  4  4  4  4  4  4  5  5  5  6  6  6  8  8 
1  1  1  1  1  1  1  1  1  1  1  1  1  1  1  1  1  1  1  1  1  1  1  1  1  1  1  1  1  1  1  1  1  1  1  1  1  1  1  1  1  1  2  2* 2  2  2  2  2  3  3  4  4  4  5  6 

cascade cost: 6

1  1  4  4  4  4  4  4  4  5  5  5* 6  6  6  6  8  8 
1  1  1  1  1  1  1  1  1  1  1  1  1  1  1  1  1  1  1  1  1  1  1  1  1  1* 1  1  1  1  1  1  1  1  1  1  1  1  1  1  1  2  2  2  2  2  2  3  3  3  4  4  4  5  6 

cascade cost: 2

1  4  4  4  4  4  4  4  5  5  6  6  6  6* 6  8  8 
1  1  1  1  1  1  1  1  1* 1  1  1  1  1  1  1  1  1  1  1  1  1  1  1  1  1  1  1  1  1  1  1  1  1  1  1  1  1  1  1  1  2  2  2  2  2  2  3  3  3  4  4  4  5  6 

cascade cost: 2

4  4  4  4  4  4  4  5  5  6  6  6  6  7  8  8*
1  1  1  1  1  1  1  1  1  1  1  1  1  1  1  1  1  1  1  1  1* 1  1  1  1  1  1  1  1  1  1  1  1  1  1  1  1  1  1  1  1  2  2  2  2  2  2  3  3  3  4  4  4  5  6 

cascade cost: 8

1* 1  1  4  4  4  4  4  4  5  5  6  6  6  6  7  8  9 
1  1  1  1  1  1  1  1  1  1  1  1  1  1  1  1  1  1  1  1  1  1  1  1  1  1  1  1  1  1  1  1  1  1  1  1  1  2  2  2* 2  2  2  3  3  3  4  4  4  4  5  6 

cascade cost: 2

1  1  1  4  4  4* 4  4  4  5  5  6  6  6  6  7  8  9 
1  1  1  1  1  1  1  1  1  1  1  1  1  1  1  1  1  1  1  1  1  1  1  1  1  1  1  1  1  1  1  1  1  1  1  1  2  2  2  2  2  3  3  3* 3  4  4  4  4  5  6 

cascade cost: 6

4  4  4  4  4  5  5* 6  6  6  6  7  7  8  9 
1  1  1  1  1  1  1  1  1  1  1  1  1  1  1  1  1  1  1  1  1  1  1  1  1  1  1  1  1  1  1  1  1  1  1  1  1  1  1  2  2* 2  2  2  3  3  3  4  4  4  4  5  6 

cascade cost: 8

1* 1  4  4  4  4  5  6  6  6  6  7  7  7  8  9 
1  1  1  1  1  1  1  1  1  1  1  1  1  1  1  1  1  1  1  1  1  1  1  1  1  1  1  1  1  1  1  1  1  1  1  1  1  2  2  2  2  3  3  3  4  4  4  4* 4  5  6 

cascade cost: 2

1  1  4  4  4  4  5  6  6  6  6  7  7  7  8* 9 
1  1  1  1  1  1  1  1  1  1  1  1  1  1  1  1  1  1  1  1  1  1  1  1  1  1  1  1  1  1  1  1  1  1* 1  1  2  2  2  2  3  3  3  4  4  4  4  5  5  6 

cascade cost: 2

1  4  4  4  4  5  6  6  6* 6  7  7  7  9  9 
1  1  1  1  1  1  1  1  1  1  1  1  1  1  1  1  1  1  1  1  1  1  1  1  1* 1  1  1  1  1  1  1  1  1  1  1  2  2  2  2  3  3  3  4  4  4  4  5  5  6 

cascade cost: 2

4  4  4  4  5  6  6  6  7  7  7  7  9  9*
1  1  1  1  1  1  1  1  1  1  1  1  1  1  1  1  1  1  1  1  1  1  1  1  1  1  1  1  1  1  1* 1  1  1  1  1  2  2  2  2  3  3  3  4  4  4  4  5  5  6 

cascade cost: 8

1  1  1  4  4  4  5  6  6* 6  7  7  7  7  9  10 
1  1  1  1  1  1  1  1  1  1  1  1  1  1  1  1  1  1  1  1  1  1  1  1  1  1  1  1  1  1  1  1  2  2* 2  2  3  3  3  4  4  4  4  4  5  5  6 

cascade cost: 4

1  4  4  4  5  6  6  7  7  7  7  8  9  10*
1  1  1  1  1  1  1  1  1  1  1  1  1  1  1  1  1  1  1  1  1  1  1  1  1  1  1  1  1  1  1  1  1  1  2  2  2  3  3  3  4  4  4  4  4* 5  5  6 

cascade cost: 8

1  4  4  5  6  6* 7  7  7  7  8  9  14 
1  1  1  1  1  1  1  1  1  1  1  1  1  1  1  1  1  1  1* 1  1  1  1  1  1  1  1  1  1  1  1  1  1  1  2  2  2  3  3  3  4  4  4  4  4  5  5  6 

cascade cost: 2

4  4  5  6  7  7* 7  7  7  8  9  14 
1  1  1  1  1  1  1  1  1  1  1  1  1  1  1  1  1  1  1  1  1  1  1* 1  1  1  1  1  1  1  1  1  1  1  2  2  2  3  3  3  4  4  4  4  4  5  5  6 

cascade cost: 8

1  1* 1  4  5  6  7  7  7  7  8  8  9  14 
1  1  1  1  1  1  1  1  1  1  1  1  1  1  1* 1  1  1  1  1  1  1  1  1  1  1  1  1  1  1  2  2  2  3  3  3  4  4  4  4  4  4  5  5  6 

cascade cost: 2

1  1  1  4  5  6  7* 7  7  7  8  8  9  14 
1  1  1  1  1  1  1  1  1  1  1  1  1  1  1  1  1  1  1  1  1  1  1  1  1  1  1  1  2  2  2  2  3  3  3  4* 4  4  4  4  4  5  5  6 

cascade cost: 8

1  1  1  5  6* 7  7  7  8  8  9  11  14 
1  1  1  1  1  1  1  1  1  1  1  1  1  1  1  1  1  1  1  1  1  1  1  1  1  1  1  1  2  2  2  2  3  3  3  4  4  4  4  4  4  5  5  6*

cascade cost: 12

1  1  1  3  3  5  7  7  7  8* 8  9  11  14 
1  1  1  1  1  1  1  1  1  1  1* 1  1  1  1  1  1  1  1  1  1  1  1  1  1  1  1  1  2  2  2  2  3  4  4  4  4  4  4  5  5  12 

cascade cost: 2

1  1  3* 3  5  7  7  7  8  9  9  11  14 
1  1  1  1  1  1  1  1  1  1  1  1  1  1  1  1  1  1  1  1  1  1  1  1  1* 1  1  1  2  2  2  2  3  4  4  4  4  4  4  5  5  12 

cascade cost: 2

1  3  4  5* 7  7  7  8  9  9  11  14 
1  1  1  1  1  1  1  1  1  1  1  1  1  1  1  1  1  1  1  1  1  1  1  1  1  1  1  1  2  2  2  2  3  4  4  4  4  4  4* 5  5  12 

cascade cost: 8

4  7  7  7  8  9* 9  9  11  14 
1  1  1  1  1  1  1  1  1  1  1  1  1  1  1  1  1  1  1  1* 1  1  1  1  1  1  1  1  1  2  2  2  2  3  3  4  4  4  4  4  5  5  12 

cascade cost: 8

3  7  7  7  8  9  9  10  11* 14 
1  1  1  1  1  1  1  1  1  1  1  1  1  1  1  1  1  1  1  1  1  1  1  1  1  1  1  1  2  2* 2  2  3  4  4  4  4  4  4  5  5  12 

cascade cost: 6

1  7  7  7  8  9  9  10* 13  14 
1  1  1  1  1  1  1  1  1  1  1  1  1  1  1  1  1  1  1  1  1  1  1  1  1  1  1  2  2* 2  3  3  4  4  4  4  4  4  5  5  12 

cascade cost: 14

1  1  1  1  1  1  7  7  8  9* 9  12  13  14 
1  1  1  1  1  1  1  1  1  1  1  1  1  1  1  1  1  1  1  1  1  1  2  2  3  3  4  4* 4  4  4  4  5  5  7  12 

cascade cost: 8

1  1  7  7  8  9  12  13  13  14*
1  1  1  1  1  1  1  1  1  1  1  1  1  1  1  1  1  1  1  1* 1  1  1  1  1  1  2  2  3  3  4  4  4  4  4  5  5  7  12 

cascade cost: 2

1  7  7  8  9* 12  13  13  15 
1  1  1  1  1  1  1  1  1  1  1  1* 1  1  1  1  1  1  1  1  1  1  1  1  1  1  2  2  3  3  4  4  4  4  4  5  5  7  12 

cascade cost: 2

7  7  8* 10  12  13  13  15 
1  1  1  1  1  1  1  1  1  1  1  1  1  1  1* 1  1  1  1  1  1  1  1  1  1  1  2  2  3  3  4  4  4  4  4  5  5  7  12 

cascade cost: 14

1  1  1  1  1  1  7  9  10  12* 13  13  15 
1  1  1  1  1  1  1  1  1  1  1  1  1  1  1  1  1  1  1  2* 2  3  3  4  4  4  4  4  5  5  7  7  12 

cascade cost: 4

1  1  1  1  7  9* 10  13  13  14  15 
1  1  1* 1  1  1  1  1  1  1  1  1  1  1  1  1  1  1  1  1  1  2  3  3  4  4  4  4  4  5  5  7  7  12 

cascade cost: 2

1  1* 1  7  10  10  13  13  14  15 
1  1  1  1  1  1  1  1  1  1* 1  1  1  1  1  1  1  1  1  1  1  2  3  3  4  4  4  4  4  5  5  7  7  12 

cascade cost: 2

1  2  7  10* 10  13  13  14  15 
1  1  1  1  1  1  1  1  1  1  1  1  1  1  1  1  1  1  1  1  1  2* 3  3  4  4  4  4  4  5  5  7  7  12 

cascade cost: 4

1  7  10* 12  13  13  14  15 
1  1  1  1  1  1  1  1  1  1  1  1  1* 1  1  1  1  1  1  1  1  2  3  3  4  4  4  4  4  5  5  7  7  12 

cascade cost: 2

7  11  12  13* 13  14  15 
1  1  1  1  1  1  1  1  1  1  1  1  1  1  1  1  1* 1  1  1  1  2  3  3  4  4  4  4  4  5  5  7  7  12 

cascade cost: 14

1  5  11  12  13  14* 14  15 
1  1  1  1  1  1  1* 1  1  1  1  1  1  1  1  1  1  1  1  2  3  3  4  4  4  4  4  5  7  7  7  12 

cascade cost: 2

5  11  12  13  14  15  15*
1  1  1  1  1  1  1  1  1  1  1  1  1  1  1  1  1  1  1  2  3  3  4  4  4  4  4  5  7  7* 7  12 

cascade cost: 22

1  1  1  1  5* 12  13  14  15  22 
1  1  1  1  1  1  1  1  1  1  1  1  1  1  1  2  3  3  4  4  4* 4  4  5  7  7  11  12 

cascade cost: 8

9  12  13  14* 15  22 
1  1  1  1  1  1  1  1  1  1  1* 1  1  1  1  1  1  1  1  2  3  3  4  4  4  4  5  7  7  11  12 

cascade cost: 18

1  7  12  13  15  15* 22 
1  1  1  1  1  1  1* 1  1  1  1  1  1  1  1  1  1  2  3  3  4  4  4  4  5  7  9  11  12 

cascade cost: 2

7  12  13  15  16* 22 
1  1  1  1  1  1  1  1  1  1* 1  1  1  1  1  1  1  2  3  3  4  4  4  4  5  7  9  11  12 

cascade cost: 14

1  5  12* 13  15  17  22 
1  1  1  1  1  1  1  1  1  1  1  1  1  1  1  2  3  3* 4  4  4  4  7  7  9  11  12 

cascade cost: 10

1  1  1  13  15* 15  17  22 
1  1  1  1  1  1  1  1  1  1* 1  1  1  2  3  4  4  4  4  5  7  7  9  11  12 

cascade cost: 2

1* 1  13  15  16  17  22 
1  1  1  1  1  1  1  1  1  1  1  1  1  2  3  4  4  4  4  5* 7  7  9  11  12 

cascade cost: 2

1  1  13  15  16  17  22*
1  1* 1  1  1  1  1  1  1  1  1  1  2  3  4  4  4  4  6  7  7  9  11  12 

cascade cost: 2

1  13  15  16  17* 23 
1  1  1* 1  1  1  1  1  1  1  1  1  2  3  4  4  4  4  6  7  7  9  11  12 

cascade cost: 2

13  15  16* 18  23 
1  1  1  1  1  1  1  1  1  1  1* 1  2  3  4  4  4  4  6  7  7  9  11  12 

cascade cost: 26

1  11  15  17  18* 23 
1  1  1  1  1  1  1* 1  1  1  2  3  4  4  4  4  6  7  7  9  12  13 

cascade cost: 2

11  15* 17  19  23 
1  1  1  1  1* 1  1  1  1  1  2  3  4  4  4  4  6  7  7  9  12  13 

cascade cost: 22

3  7  16  17  19* 23 
1  1  1  1  1  1  1  1  1  2  4  4  4  4  6  7  9  11* 12  13 

cascade cost: 32

1  1  1  2  3  7* 17  23  30 
1  1  1  1  1  1  4  4  4* 4  6  7  9  12  13  16 

cascade cost: 8

1  3  11  17  23* 30 
1  1  1  1  1  1  1* 1  2  4  4  4  6  7  9  12  13  16 

cascade cost: 2

3  11  17* 24  30 
1  1  1  1  1  1  1  1  2  4  4  4  6  7* 9  12  13  16 

cascade cost: 22

3  4  24  24* 30 
1  1  1  1  1* 1  1  1  2  4  4  6  9  11  12  13  16 

cascade cost: 6

1  1* 4  24  25  30 
1  1  1  1  1  2  3  4  4  6  9  11  12  13* 16 

cascade cost: 2

1  1  4  24  25  30*
1  1  1  1  2  3  4  4  6  9  11  12* 14  16 

cascade cost: 48

1  1  1  1  1  2* 3  4  4  25  42 
1* 4  6  9  11  14  16  24 

cascade cost: 2

1* 1  1  1  3  3  4  4  25  42 
1  4* 6  9  11  14  16  24 

cascade cost: 2

1  1* 1  1  3  3  4  4  25  42 
5  6  9  11  14* 16  24 

cascade cost: 10

1  1  1  3  3  4* 5  25  42 
4  6  9* 11  15  16  24 

cascade cost: 8

1  1* 1  3  3  4  5  25  42 
6* 11  13  15  16  24 

cascade cost: 12

1  3  3  4  7  25* 42 
1  5  11  13  15* 16  24 

cascade cost: 30

3  40  42*
1  1  3  4  5  7  11* 13  16  24 

cascade cost: 80

3* 13  16  53 
1  1  3  4  5  7* 24  40 

cascade cost: 6

3  13  16* 53 
1* 1  4  5  10  24  40 

cascade cost: 32

5  10  17* 53 
1  3  4  13* 24  40 

cascade cost: 54

3  5* 24  53 
1  4  10* 30  40 

cascade cost: 10

1  3  4  24  53*
15  30  40*

