1  1  1  1  1  1  1  1  1  1  1  1  1  1  1  1  1  1  1  1  1  1  1  1  1  1  1  1  1  1  1  1  1  1  1  1  1  1  1  1  1* 1  1  1  1  1  1  1  1  1  1  1  1  1  1  1  1  1  1  1  1  1  1  1  1  1  1  1  1  1  1  1  1  1  1  1  1  1  1  1 
1  1  1  1  1  1  1  1  1  1  1  1* 1  1  1  1  1  1  1  1  1  1  1  1  1  1  1  1  1  1  1  1  1  1  1  1  1  1  1  1  1  1  1  1  1  1  1  1  1  1  1  1  1  1  1  1  1  1  1  1  1  1  1  1  1  1  1  1  1  1  1  1  1  1  1  1  1  1  1  1 

cascade cost: 2

1  1  1  1  1  1  1  1  1  1  1  1  1  1  1  1  1  1  1  1* 1  1  1  1  1  1  1  1  1  1  1  1  1  1  1  1  1  1  1  1  1  1  1  1  1  1  1  1  1  1  1  1  1  1  1  1  1  1  1  1  1  1  1  1  1  1  1  1  1  1  1  1  1  1  1  1  1  1  1  1 
1  1  1  1  1  1  1  1  1  1  1  1  1  1  1  1  1  1  1  1  1  1  1  1  1  1  1  1  1  1  1  1  1  1  1  1  1  1  1  1  1  1  1  1  1  1  1  1  1  1  1  1  1  1  1  1  1  1  1  1  1  1  1  1  1* 1  1  1  1  1  1  1  1  1  1  1  1  1  2 

cascade cost: 2

1  1  1  1  1  1  1  1  1  1  1  1  1  1  1  1  1  1  1  1  1  1  1  1  1  1  1  1  1* 1  1  1  1  1  1  1  1  1  1  1  1  1  1  1  1  1  1  1  1  1  1  1  1  1  1  1  1  1  1  1  1  1  1  1  1  1  1  1  1  1  1  1  1  1  1  1  1  1  1  1 
1  1  1  1  1  1  1  1  1  1  1  1  1  1  1  1  1  1  1  1  1  1  1  1  1  1  1  1  1  1  1  1  1  1  1  1  1  1  1  1  1  1  1  1  1  1  1  1  1  1  1  1  1  1  1  1  1  1  1  1  1  1  1  1  1  1  1  1  1  1  1  1  1  1  1  1  2* 2 

cascade cost: 2

1  1  1  1  1  1  1  1  1  1  1  1  1  1  1  1  1  1  1  1  1  1  1  1  1  1  1  1  1  1  1  1  1  1  1  1  1  1  1  1  1  1  1  1  1  1  1  1  1  1  1  1  1  1  1  1  1  1  1  1  1  1  1  1  1  1* 1  1  1  1  1  1  1  1  1  1  1  1  1  1 
1  1  1  1* 1  1  1  1  1  1  1  1  1  1  1  1  1  1  1  1  1  1  1  1  1  1  1  1  1  1  1  1  1  1  1  1  1  1  1  1  1  1  1  1  1  1  1  1  1  1  1  1  1  1  1  1  1  1  1  1  1  1  1  1  1  1  1  1  1  1  1  1  1  1  1  2  3 

cascade cost: 2

1  1  1  1  1  1  1  1  1  1  1  1  1  1  1  1  1  1  1  1  1  1  1  1  1  1  1  1  1  1  1  1  1  1  1  1* 1  1  1  1  1  1  1  1  1  1  1  1  1  1  1  1  1  1  1  1  1  1  1  1  1  1  1  1  1  1  1  1  1  1  1  1  1  1  1  1  1  1  1  1 
1  1  1  1  1  1  1  1  1  1  1  1  1  1  1  1  1  1  1  1  1  1  1  1  1  1  1  1  1  1  1  1  1  1  1  1  1  1  1  1  1  1  1  1  1  1  1  1  1  1  1  1  1  1  1  1  1  1  1  1  1  1  1  1  1  1  1* 1  1  1  1  1  1  2  2  3 

cascade cost: 2

1  1  1  1  1  1  1  1  1  1  1  1  1  1  1  1  1  1  1  1  1  1  1  1  1  1  1  1  1  1  1  1  1  1  1* 1  1  1  1  1  1  1  1  1  1  1  1  1  1  1  1  1  1  1  1  1  1  1  1  1  1  1  1  1  1  1  1  1  1  1  1  1  1  1  1  1  1  1  1  1 
1  1  1  1  1  1  1  1  1  1  1  1  1  1  1  1  1  1  1  1  1  1  1  1  1  1  1  1  1  1  1  1  1  1  1  1  1  1  1  1  1  1  1  1  1  1* 1  1  1  1  1  1  1  1  1  1  1  1  1  1  1  1  1  1  1  1  1  1  1  1  1  2  2  2  3 

cascade cost: 2

1  1  1  1  1  1  1  1  1  1  1  1  1  1  1  1  1  1  1  1  1  1  1  1  1  1  1  1  1  1  1  1  1  1  1  1  1  1  1* 1  1  1  1  1  1  1  1  1  1  1  1  1  1  1  1  1  1  1  1  1  1  1  1  1  1  1  1  1  1  1  1  1  1  1  1  1  1  1  1  1 
1  1  1  1  1  1  1  1  1  1  1  1  1  1  1  1  1  1  1  1  1  1  1  1  1  1  1  1  1  1  1  1  1  1  1  1  1  1  1  1  1  1  1  1  1  1  1  1  1  1  1  1  1  1  1  1  1  1  1  1  1  1  1  1  1  1  1  1  1  2  2* 2  2  3 

cascade cost: 2

1  1  1  1  1  1  1  1  1  1  1  1  1  1  1  1  1  1  1  1  1  1  1  1  1  1  1  1  1  1  1  1  1  1  1  1  1  1  1  1  1  1  1  1  1  1  1  1* 1  1  1  1  1  1  1  1  1  1  1  1  1  1  1  1  1  1  1  1  1  1  1  1  1  1  1  1  1  1  1  1 
1  1  1  1  1  1  1  1  1  1  1  1  1  1  1  1  1  1  1  1  1  1  1  1  1  1  1  1  1  1  1  1  1* 1  1  1  1  1  1  1  1  1  1  1  1  1  1  1  1  1  1  1  1  1  1  1  1  1  1  1  1  1  1  1  1  1  1  1  2  2  2  3  3 

cascade cost: 2

1  1  1  1  1  1  1  1  1  1  1  1  1  1  1  1  1  1  1  1  1  1  1  1  1  1  1  1  1  1  1  1  1  1  1  1  1  1  1  1  1  1  1  1  1  1  1  1  1  1  1  1  1  1  1  1  1  1  1  1  1  1  1  1* 1  1  1  1  1  1  1  1  1  1  1  1  1  1  2 
1  1  1  1  1  1  1  1  1  1  1  1  1  1  1  1  1  1  1  1  1  1  1  1  1  1  1  1  1  1  1  1  1  1  1  1  1  1* 1  1  1  1  1  1  1  1  1  1  1  1  1  1  1  1  1  1  1  1  1  1  1  1  1  1  1  1  1  1  2  2  2  3  3 

cascade cost: 2

1  1  1  1  1  1  1  1  1  1  1  1  1  1  1  1  1  1  1  1  1  1  1  1  1  1  1  1  1  1  1  1  1  1  1  1  1  1  1  1  1  1  1* 1  1  1  1  1  1  1  1  1  1  1  1  1  1  1  1  1  1  1  1  1  1  1  1  1  1  1  1  1  1  1  1  1  2  2 
1  1  1  1  1  1  1  1  1  1  1  1  1  1  1  1  1  1  1  1  1  1  1  1  1  1  1  1  1  1  1  1  1  1  1  1  1  1  1  1  1  1  1  1  1  1  1  1  1  1  1  1  1  1  1  1  1  1  1  1  1  1  1* 1  1  1  1  1  2  2  2  3  3 

cascade cost: 2

1  1  1  1  1  1  1  1  1  1  1  1  1  1  1  1  1  1  1  1  1  1  1  1  1  1  1  1  1  1  1  1  1  1  1  1  1  1  1  1  1  1  1  1* 1  1  1  1  1  1  1  1  1  1  1  1  1  1  1  1  1  1  1  1  1  1  1  1  1  1  1  1  1  1  2  2  2 
1  1  1  1  1  1  1  1  1  1  1  1  1  1  1  1  1* 1  1  1  1  1  1  1  1  1  1  1  1  1  1  1  1  1  1  1  1  1  1  1  1  1  1  1  1  1  1  1  1  1  1  1  1  1  1  1  1  1  1  1  1  1  1  1  1  1  1  1  2  2  2  3  3 

cascade cost: 2

1  1  1  1  1  1  1  1  1* 1  1  1  1  1  1  1  1  1  1  1  1  1  1  1  1  1  1  1  1  1  1  1  1  1  1  1  1  1  1  1  1  1  1  1  1  1  1  1  1  1  1  1  1  1  1  1  1  1  1  1  1  1  1  1  1  1  1  1  1  1  1  1  2  2  2  2 
1  1  1  1  1  1  1  1  1  1  1  1  1  1  1  1  1  1  1  1  1  1  1  1  1  1  1  1  1  1  1  1  1  1  1  1  1  1  1  1  1  1  1* 1  1  1  1  1  1  1  1  1  1  1  1  1  1  1  1  1  1  1  1  1  1  1  1  1  2  2  2  3  3 

cascade cost: 2

1  1  1  1  1  1  1  1  1  1  1  1  1  1  1  1  1  1  1  1  1  1  1  1  1  1  1  1  1  1  1  1  1  1  1  1  1  1  1  1  1  1  1  1  1  1  1  1  1  1  1  1* 1  1  1  1  1  1  1  1  1  1  1  1  1  1  1  1  1  1  2  2  2  2  2 
1  1  1  1  1  1  1  1  1  1  1  1  1  1  1  1  1  1  1  1  1  1  1  1  1  1  1  1  1  1  1  1  1  1  1  1  1  1  1  1  1  1  1  1  1  1  1  1  1  1  1  1  1  1  1  1* 1  1  1  1  1  1  1  1  1  1  1  1  2  2  2  3  3 

cascade cost: 2

1  1  1  1  1  1  1  1  1  1  1  1  1  1  1  1* 1  1  1  1  1  1  1  1  1  1  1  1  1  1  1  1  1  1  1  1  1  1  1  1  1  1  1  1  1  1  1  1  1  1  1  1  1  1  1  1  1  1  1  1  1  1  1  1  1  1  1  1  2  2  2  2  2  2 
1  1  1  1  1  1  1  1  1  1  1  1  1  1  1  1  1  1  1  1  1  1  1  1* 1  1  1  1  1  1  1  1  1  1  1  1  1  1  1  1  1  1  1  1  1  1  1  1  1  1  1  1  1  1  1  1  1  1  1  1  1  1  1  1  1  1  1  1  2  2  2  3  3 

cascade cost: 2

1  1  1  1  1  1  1  1  1  1  1  1  1  1  1  1  1  1  1  1  1  1  1  1  1  1  1  1  1  1  1  1  1  1  1  1  1  1  1  1  1* 1  1  1  1  1  1  1  1  1  1  1  1  1  1  1  1  1  1  1  1  1  1  1  1  1  2  2  2  2  2  2  2 
1  1  1  1  1  1  1  1  1  1  1  1  1  1  1  1  1  1  1  1  1  1  1  1  1  1  1  1  1  1  1  1  1  1  1  1  1  1  1  1  1  1  1  1  1  1  1  1  1  1  1* 1  1  1  1  1  1  1  1  1  1  1  1  1  1  1  1  1  2  2  2  3  3 

cascade cost: 2

1* 1  1  1  1  1  1  1  1  1  1  1  1  1  1  1  1  1  1  1  1  1  1  1  1  1  1  1  1  1  1  1  1  1  1  1  1  1  1  1  1  1  1  1  1  1  1  1  1  1  1  1  1  1  1  1  1  1  1  1  1  1  1  1  2  2  2  2  2  2  2  2 
1  1  1  1  1  1  1  1  1  1  1  1  1  1  1  1  1  1  1  1  1  1  1  1  1  1  1  1  1  1  1  1  1  1  1  1  1  1  1  1  1  1  1  1  1  1  1* 1  1  1  1  1  1  1  1  1  1  1  1  1  1  1  1  1  1  1  1  1  2  2  2  3  3 

cascade cost: 2

1  1  1  1  1  1  1  1  1  1  1  1  1  1  1  1  1  1  1  1  1  1  1  1  1  1  1  1  1  1  1  1* 1  1  1  1  1  1  1  1  1  1  1  1  1  1  1  1  1  1  1  1  1  1  1  1  1  1  1  1  1  1  2  2  2  2  2  2  2  2  2 
1  1  1  1  1  1  1  1  1  1  1  1  1  1  1  1  1  1  1  1  1  1  1  1  1  1  1  1  1  1  1  1  1  1  1  1  1  1  1  1  1  1  1  1  1* 1  1  1  1  1  1  1  1  1  1  1  1  1  1  1  1  1  1  1  1  1  1  1  2  2  2  3  3 

cascade cost: 2

1  1  1  1  1  1  1  1  1  1  1  1  1  1  1  1  1  1  1  1  1  1  1  1  1  1  1  1  1  1  1  1  1  1  1  1  1  1  1  1  1  1  1  1  1  1  1  1  1  1  1  1  1  1  1  1  1  1* 1  1  2  2  2  2  2  2  2  2  2  2 
1  1  1  1  1  1  1  1  1  1  1  1  1  1  1  1  1  1  1  1  1  1  1  1  1  1  1  1  1  1  1  1  1  1  1  1  1  1  1  1  1  1  1  1  1  1  1  1  1  1  1  1  1  1  1  1  1  1  1  1  1  1  1  1  1  1  1* 1  2  2  2  3  3 

cascade cost: 2

1  1  1  1  1  1  1  1  1  1  1  1  1  1  1  1  1  1  1  1  1  1  1  1  1  1  1  1  1  1  1  1  1  1  1  1  1  1  1  1  1  1  1  1  1  1  1  1  1  1  1  1  1  1* 1  1  1  1  1  1  2  2  2  2  2  2  2  2  2  2 
1  1  1  1  1  1  1  1  1  1  1  1  1  1  1  1  1  1  1  1  1  1  1  1  1  1  1  1  1  1  1  1  1  1  1  1  1  1  1  1  1  1  1  1  1  1  1  1  1* 1  1  1  1  1  1  1  1  1  1  1  1  1  1  1  1  1  2  2  2  2  3  3 

cascade cost: 2

1  1  1  1  1  1  1  1  1  1  1  1  1  1  1  1  1  1  1  1  1  1  1  1  1  1  1  1  1  1  1  1  1  1  1  1  1  1  1  1  1  1  1  1  1  1  1  1  1  1  1* 1  1  1  1  1  1  1  1  1  2  2  2  2  2  2  2  2  2  2 
1  1  1  1  1  1  1  1* 1  1  1  1  1  1  1  1  1  1  1  1  1  1  1  1  1  1  1  1  1  1  1  1  1  1  1  1  1  1  1  1  1  1  1  1  1  1  1  1  1  1  1  1  1  1  1  1  1  1  1  1  1  1  1  1  2  2  2  2  2  3  3 

cascade cost: 2

1  1  1  1  1  1  1  1  1  1  1  1  1  1  1  1  1  1  1  1  1  1  1  1  1  1  1  1  1  1  1  1  1  1  1  1  1* 1  1  1  1  1  1  1  1  1  1  1  1  1  1  1  1  1  1  1  1  1  1  1  2  2  2  2  2  2  2  2  2  2 
1  1  1  1  1  1  1  1  1  1  1  1  1  1  1  1  1  1  1* 1  1  1  1  1  1  1  1  1  1  1  1  1  1  1  1  1  1  1  1  1  1  1  1  1  1  1  1  1  1  1  1  1  1  1  1  1  1  1  1  1  1  1  2  2  2  2  2  2  3  3 

cascade cost: 2

1  1  1  1  1* 1  1  1  1  1  1  1  1  1  1  1  1  1  1  1  1  1  1  1  1  1  1  1  1  1  1  1  1  1  1  1  1  1  1  1  1  1  1  1  1  1  1  1  1  1  1  1  1  1  1  1  1  1  1  1  2  2  2  2  2  2  2  2  2  2 
1  1  1  1  1  1  1  1  1  1  1  1  1  1  1  1  1  1  1  1  1  1  1  1  1  1  1  1  1  1  1  1  1  1  1  1  1  1  1  1  1  1  1  1  1  1  1  1  1  1  1  1  1  1  1  1  1  1  1  1  2  2  2  2  2  2  2* 3  3 

cascade cost: 2

1  1  1  1  1  1  1  1  1  1  1  1  1  1  1  1  1  1  1  1  1  1  1  1  1  1  1  1  1  1  1  1  1  1  1  1* 1  1  1  1  1  1  1  1  1  1  1  1  1  1  1  1  1  1  1  1  1  1  1  1  2  2  2  2  2  2  2  2  2  2 
1  1  1  1  1  1  1  1  1  1  1  1  1  1  1  1  1  1  1  1  1  1  1  1  1  1  1  1  1  1  1  1  1  1  1  1  1  1  1  1  1  1  1  1  1  1  1  1  1  1  1  1  1  1  1  1  1  1  1  2  2* 2  2  2  2  3  3  3 

cascade cost: 2

1  1  1  1  1  1  1  1  1  1  1  1  1  1  1  1  1  1  1  1  1  1  1  1  1  1  1  1  1  1  1  1  1  1  1  1  1  1  1  1* 1  1  1  1  1  1  1  1  1  1  1  1  1  1  1  1  1  1  1  1  2  2  2  2  2  2  2  2  2  2 
1  1  1  1  1  1  1  1  1  1  1  1  1  1  1  1  1  1  1  1  1  1  1  1  1  1  1  1  1  1  1  1  1  1  1  1  1  1  1  1  1  1  1  1  1  1  1  1  1  1  1  1  1  1  1  1* 1  1  2  2  2  2  2  3  3  3  3 

cascade cost: 2

1  1  1  1  1  1  1  1  1  1  1  1  1  1  1  1  1  1  1  1  1  1  1  1  1  1  1  1  1  1  1  1  1  1  1  1  1  1  1* 1  1  1  1  1  1  1  1  1  1  1  1  1  1  1  1  1  1  1  1  1  2  2  2  2  2  2  2  2  2  2 
1  1  1  1  1  1  1  1  1  1  1  1  1  1  1  1  1  1  1  1  1  1  1  1  1  1  1  1  1  1  1  1  1  1  1  1  1  1  1  1  1  1  1  1  1* 1  1  1  1  1  1  1  1  1  1  1  2  2  2  2  2  2  3  3  3  3 

cascade cost: 2

1  1  1  1  1  1  1  1  1  1  1  1  1  1  1  1  1  1  1  1  1  1  1  1  1  1  1  1  1  1  1  1  1  1  1* 1  1  1  1  1  1  1  1  1  1  1  1  1  1  1  1  1  1  1  1  1  1  1  1  1  2  2  2  2  2  2  2  2  2  2 
1  1  1  1  1  1  1  1  1  1  1  1  1  1  1  1  1  1  1  1  1  1  1  1  1  1  1  1  1  1  1  1  1  1  1  1  1  1  1  1  1  1  1  1  1  1  1  1  1  1  1  1* 1  1  2  2  2  2  2  2  2  3  3  3  3 

cascade cost: 2

1  1  1  1  1  1  1  1  1  1  1  1  1  1  1  1  1  1  1  1  1  1* 1  1  1  1  1  1  1  1  1  1  1  1  1  1  1  1  1  1  1  1  1  1  1  1  1  1  1  1  1  1  1  1  1  1  1  1  1  1  2  2  2  2  2  2  2  2  2  2 
1  1  1  1  1  1  1  1  1  1  1  1  1  1  1  1  1  1  1  1  1  1  1  1  1  1  1  1  1  1  1  1  1* 1  1  1  1  1  1  1  1  1  1  1  1  1  1  1  1  1  1  1  2  2  2  2  2  2  2  2  3  3  3  3 

cascade cost: 2

1  1  1  1  1  1  1  1  1  1  1  1  1  1  1  1  1  1  1  1  1  1  1  1  1  1  1  1  1  1  1  1  1  1  1  1  1  1  1  1  1  1  1  1  1  1  1  1  1  1  1  1  1  1  1  1  1  1  1  1  2  2  2  2  2  2  2  2* 2  2 
1  1  1  1  1  1  1  1  1  1  1  1  1  1  1  1  1  1  1  1  1  1  1  1  1  1  1  1  1  1  1  1  1  1  1  1  1  1  1  1  1  1  1  1  1  1  1  1  1  1  2  2  2  2  2  2  2  2  2  3  3* 3  3 

cascade cost: 4

1  1  1  1  1  1  1  1  1  1  1  1  1  1  1  1  1  1  1  1  1  1  1  1  1  1* 1  1  1  1  1  1  1  1  1  1  1  1  1  1  1  1  1  1  1  1  1  1  1  1  1  1  1  1  1  1  1  1  1  1  2  2  2  2  2  2  2  2  2  2 
1  1  1  1  1  1  1  1  1  1* 1  1  1  1  1  1  1  1  1  1  1  1  1  1  1  1  1  1  1  1  1  1  1  1  1  1  1  1  1  1  1  1  1  1  1  1  1  1  1  1  2  2  2  2  2  2  2  2  3  3  3  5 

cascade cost: 2

1  1  1  1  1  1  1  1  1  1  1  1  1  1  1  1  1  1  1  1  1  1  1  1  1  1  1  1  1  1  1  1  1  1  1  1  1  1  1* 1  1  1  1  1  1  1  1  1  1  1  1  1  1  1  1  1  1  1  2  2  2  2  2  2  2  2  2  2  2 
1  1  1  1  1  1  1  1  1  1  1  1  1  1  1  1  1  1  1  1  1  1  1  1  1  1  1  1  1  1  1  1  1  1  1  1  1  1  1  1  1  1  1  1  1  1  1  1  1  1  2  2  2  2  2  2  2* 2  3  3  3  5 

cascade cost: 2

1  1  1  1  1  1  1  1  1  1  1  1  1  1  1  1  1  1  1  1  1  1  1  1  1  1  1  1  1  1  1  1  1  1  1* 1  1  1  1  1  1  1  1  1  1  1  1  1  1  1  1  1  1  1  1  1  1  1  2  2  2  2  2  2  2  2  2  2  2 
1  1  1  1  1  1  1  1  1  1  1  1  1  1  1  1  1  1  1  1  1  1  1  1  1  1  1  1  1  1  1  1  1  1  1  1  1  1  1* 1  1  1  1  1  1  1  1  1  1  2  2  2  2  2  2  2  3  3  3  3  5 

cascade cost: 2

1  1  1  1  1  1  1  1  1  1  1  1  1  1  1  1  1  1  1  1  1  1  1  1  1  1  1  1  1  1  1  1  1  1  1  1  1  1  1  1  1  1  1  1  1* 1  1  1  1  1  1  1  1  1  1  1  2  2  2  2  2  2  2  2  2  2  2  2 
1  1  1  1  1  1  1  1  1  1  1  1  1  1  1  1  1  1  1  1  1  1  1  1  1  1  1  1  1  1  1  1  1  1  1  1  1  1  1  1  1  1  1  1  1  1  1  1  1* 2  2  2  2  2  2  2  3  3  3  3  5 

cascade cost: 2

1  1  1  1  1  1  1  1  1  1  1  1  1  1  1  1  1  1  1  1  1  1  1  1  1  1  1  1  1  1  1  1  1  1  1  1  1  1  1  1  1  1  1  1  1  1  1  1  1  1  1* 1  1  1  2  2  2  2  2  2  2  2  2  2  2  2  2 
1  1  1  1  1  1  1  1  1  1  1  1  1  1  1  1  1  1  1  1  1  1  1  1  1  1  1  1  1  1  1  1  1  1  1  1  1  1  1  1  1  1* 1  1  1  1  1  1  1  2  2  2  2  2  2  2  3  3  3  3  5 

cascade cost: 2

1  1  1  1  1  1  1  1  1  1  1  1  1  1  1  1  1  1  1  1  1  1  1  1  1  1  1  1  1  1  1  1  1  1  1  1  1  1  1  1  1  1* 1  1  1  1  1  1  1  1  1  1  2  2  2  2  2  2  2  2  2  2  2  2  2  2 
1  1  1  1  1  1  1* 1  1  1  1  1  1  1  1  1  1  1  1  1  1  1  1  1  1  1  1  1  1  1  1  1  1  1  1  1  1  1  1  1  1  1  1  1  1  1  1  1  1  2  2  2  2  2  2  2  3  3  3  3  5 

cascade cost: 2

1  1  1  1  1  1  1  1  1  1  1  1  1  1  1  1  1  1  1  1  1  1  1  1  1  1  1  1* 1  1  1  1  1  1  1  1  1  1  1  1  1  1  1  1  1  1  1  1  1  1  2  2  2  2  2  2  2  2  2  2  2  2  2  2  2 
1  1  1  1  1  1  1  1  1  1  1  1  1  1  1  1  1  1  1  1  1  1  1  1  1  1  1  1  1  1  1  1  1  1  1  1  1  1  1  1  1  1  1  1  1  1  1  1  1  2  2  2  2  2  2* 2  3  3  3  3  5 

cascade cost: 2

1  1  1  1  1  1  1  1  1  1  1  1  1  1  1  1  1  1  1  1  1  1  1  1  1  1  1* 1  1  1  1  1  1  1  1  1  1  1  1  1  1  1  1  1  1  1  1  1  1  1  2  2  2  2  2  2  2  2  2  2  2  2  2  2  2 
1  1  1  1  1  1  1  1  1  1  1  1  1  1  1  1  1  1  1  1  1  1  1* 1  1  1  1  1  1  1  1  1  1  1  1  1  1  1  1  1  1  1  1  1  1  1  1  1  2  2  2  2  2  2  3  3  3  3  3  5 

cascade cost: 2

1  1  1  1  1  1  1  1  1  1  1  1  1  1  1  1  1  1  1  1  1  1  1  1  1  1  1  1  1  1  1* 1  1  1  1  1  1  1  1  1  1  1  1  1  1  1  1  1  2  2  2  2  2  2  2  2  2  2  2  2  2  2  2  2 
1  1  1  1  1  1  1  1  1  1  1  1  1  1  1  1  1  1  1  1  1  1  1  1  1  1  1  1  1  1  1  1  1* 1  1  1  1  1  1  1  1  1  1  1  1  1  1  1  2  2  2  2  2  2  3  3  3  3  3  5 

cascade cost: 2

1  1  1  1  1  1  1  1  1  1  1  1  1  1  1  1  1  1  1  1  1  1  1  1  1  1  1  1  1  1  1  1  1  1  1  1  1  1  1  1  1  1  1  1  1  1  2  2  2  2* 2  2  2  2  2  2  2  2  2  2  2  2  2 
1  1  1  1  1  1  1  1  1  1  1  1  1  1  1  1  1  1  1  1  1  1  1  1  1  1  1  1  1  1  1  1  1  1  1  1  1  1  1  1  1  1  1  1  1  1  1  1  2  2  2  2* 2  2  3  3  3  3  3  5 

cascade cost: 4

1  1  1  1  1  1  1  1  1  1  1  1  1  1  1  1  1  1  1  1  1  1  1  1  1  1  1  1  1  1  1  1  1  1  1  1  1  1  1  1  1  1  1  1  1  1  2  2  2  2  2  2  2  2  2  2  2  2  2  2  2* 4 
1  1  1  1  1  1  1  1  1  1  1  1  1  1  1  1  1  1  1  1  1  1  1  1  1  1  1  1  1  1  1  1  1  1  1  1  1  1  1  1  1  1  1  1  1  1  1  1  2  2  2  2  2  2  3* 3  3  3  3  5 

cascade cost: 4

1  1  1  1  1  1  1  1  1  1  1  1  1  1  1  1  1  1  1* 1  1  1  1  1  1  1  1  1  1  1  1  1  1  1  1  1  1  1  1  1  1  1  1  1  1  1  1  1  2  2  2  2  2  2  2  2  2  2  2  2  2  2  4 
1  1  1  1  1  1  1  1  1  1  1  1  1  1  1  1  1  1  1  1  1  1  1  1  1  1  1  1  1  1  1* 1  1  1  1  1  1  1  1  1  1  1  1  1  1  1  2  2  2  2  2  2  3  3  3  3  5  5 

cascade cost: 2

1  1  1  1  1  1  1  1  1  1  1  1  1  1  1  1  1  1* 1  1  1  1  1  1  1  1  1  1  1  1  1  1  1  1  1  1  1  1  1  1  1  1  1  1  1  1  2  2  2  2  2  2  2  2  2  2  2  2  2  2  2  4 
1  1  1  1  1  1  1  1  1  1  1  1  1  1  1  1  1  1  1  1  1  1  1  1  1  1  1  1  1  1  1  1  1* 1  1  1  1  1  1  1  1  1  1  1  1  1  2  2  2  2  2  2  3  3  3  3  5  5 

cascade cost: 2

1  1  1  1  1  1  1  1  1  1  1  1  1  1  1* 1  1  1  1  1  1  1  1  1  1  1  1  1  1  1  1  1  1  1  1  1  1  1  1  1  1  1  1  1  2  2  2  2  2  2  2  2  2  2  2  2  2  2  2  2  4 
1  1  1  1  1  1  1  1  1  1  1  1  1  1  1  1  1  1  1  1  1  1  1  1  1  1  1  1  1  1* 1  1  1  1  1  1  1  1  1  1  1  1  1  1  1  1  2  2  2  2  2  2  3  3  3  3  5  5 

cascade cost: 2

1  1  1  1  1  1  1  1  1  1  1  1  1  1  1  1  1  1  1  1  1  1  1  1  1  1  1  1  1  1  1  1  1  1  1  1  1  1  1  1  1  1  2  2  2  2  2  2  2  2  2  2  2  2  2  2  2* 2  2  4 
1  1  1  1  1  1  1  1  1  1  1  1  1  1  1  1  1  1  1  1  1  1  1  1  1  1  1  1  1  1  1  1  1  1  1  1  1  1  1* 1  1  1  1  1  1  1  2  2  2  2  2  2  3  3  3  3  5  5 

cascade cost: 2

1  1  1  1  1  1  1  1  1  1  1  1  1  1  1* 1  1  1  1  1  1  1  1  1  1  1  1  1  1  1  1  1  1  1  1  1  1  1  1  1  1  2  2  2  2  2  2  2  2  2  2  2  2  2  2  2  2  3  4 
1  1  1  1  1  1  1  1  1  1  1  1  1  1  1  1  1  1  1  1  1  1  1  1  1  1  1  1  1  1  1  1  1  1  1  1  1  1  1  1  1  1  1  1  1  1* 2  2  2  2  2  2  3  3  3  3  5  5 

cascade cost: 2

1  1  1  1  1  1  1  1  1  1  1  1  1  1  1  1  1  1  1  1  1  1  1  1  1  1  1  1  1  1  1  1  1  1  1* 1  1  1  1  1  1  2  2  2  2  2  2  2  2  2  2  2  2  2  2  2  2  3  4 
1  1  1  1  1  1  1  1  1  1  1  1  1  1  1  1  1  1  1  1  1  1  1* 1  1  1  1  1  1  1  1  1  1  1  1  1  1  1  1  1  1  1  1  1  2  2  2  2  2  2  2  3  3  3  3  5  5 

cascade cost: 2

1  1  1  1  1  1  1  1  1  1  1  1  1  1  1  1  1  1  1  1  1  1  1  1  1  1  1  1  1  1  1  1  1  1  1  1  1  1  1  1  1  2  2  2  2  2  2* 2  2  2  2  2  2  2  2  2  2  3  4 
1  1  1  1  1  1  1  1  1  1  1  1  1  1* 1  1  1  1  1  1  1  1  1  1  1  1  1  1  1  1  1  1  1  1  1  1  1  1  1  1  1  1  2  2  2  2  2  2  2  2  3  3  3  3  5  5 

cascade cost: 2

1  1  1  1  1  1  1  1  1  1  1  1  1  1  1  1  1  1  1  1  1  1  1  1  1  1  1  1  1  1  1  1  1  1  1  1  1  1  1  1  2  2  2  2  2  2  2  2  2* 2  2  2  2  2  2  3  3  4 
1  1  1  1  1  1  1  1  1  1  1  1  1  1  1  1  1  1  1  1  1  1  1  1  1  1  1  1  1  1  1  1  1  1  1  1  1  1  1  1  1  1  2  2  2  2  2  2* 2  2  3  3  3  3  5  5 

cascade cost: 4

1  1  1  1  1  1  1  1  1  1  1  1  1  1  1  1  1  1  1  1  1  1  1  1* 1  1  1  1  1  1  1  1  1  1  1  1  1  1  1  1  1  1  2  2  2  2  2  2  2  2  2  2  2  2  2  2  3  3  4 
1  1  1  1  1  1  1  1  1  1  1  1  1  1  1  1  1* 1  1  1  1  1  1  1  1  1  1  1  1  1  1  1  1  1  1  1  1  1  1  1  2  2  2  2  2  2  2  3  3  3  3  4  5  5 

cascade cost: 2

1  1* 1  1  1  1  1  1  1  1  1  1  1  1  1  1  1  1  1  1  1  1  1  1  1  1  1  1  1  1  1  1  1  1  1  1  1  1  1  1  1  1  2  2  2  2  2  2  2  2  2  2  2  2  2  2  3  3  4 
1  1  1  1  1  1  1  1  1  1  1  1  1  1  1  1  1  1  1  1  1  1  1  1  1  1  1  1  1  1  1  1  1  1  1  1  1  1  2  2  2  2  2  2  2* 2  3  3  3  3  4  5  5 

cascade cost: 2

1  1  1  1  1  1  1  1  1  1  1  1  1  1  1  1  1  1  1  1  1  1  1  1  1  1  1  1  1  1  1  1  1  1  1  1  1  1  1  1  1  1  2  2  2  2  2  2  2  2  2  2  2  2  2* 2  3  3  4 
1  1  1  1  1  1  1  1  1  1  1  1  1  1  1  1  1  1  1  1  1  1  1  1  1  1  1  1* 1  1  1  1  1  1  1  1  1  2  2  2  2  2  2  2  3  3  3  3  3  4  5  5 

cascade cost: 2

1  1  1  1  1  1  1  1  1  1  1  1  1  1  1  1  1* 1  1  1  1  1  1  1  1  1  1  1  1  1  1  1  1  1  1  1  1  1  1  1  1  2  2  2  2  2  2  2  2  2  2  2  2  2  3  3  3  4 
1  1* 1  1  1  1  1  1  1  1  1  1  1  1  1  1  1  1  1  1  1  1  1  1  1  1  1  1  1  1  1  1  1  1  1  1  1  2  2  2  2  2  2  2  3  3  3  3  3  4  5  5 

cascade cost: 2

1  1  1  1  1  1  1  1  1  1  1  1  1  1  1  1  1  1  1  1  1  1  1  1  1* 1  1  1  1  1  1  1  1  1  1  1  1  1  1  1  1  2  2  2  2  2  2  2  2  2  2  2  2  2  3  3  3  4 
1  1  1  1  1  1  1  1  1  1  1  1* 1  1  1  1  1  1  1  1  1  1  1  1  1  1  1  1  1  1  1  1  1  1  1  2  2  2  2  2  2  2  2  3  3  3  3  3  4  5  5 

cascade cost: 2

1  1  1  1  1  1  1  1  1  1  1  1  1  1  1  1  1  1* 1  1  1  1  1  1  1  1  1  1  1  1  1  1  1  1  1  1  1  1  1  1  1  2  2  2  2  2  2  2  2  2  2  2  2  2  3  3  3  4 
1  1  1  1  1  1  1  1  1  1  1  1  1  1  1  1  1  1  1  1  1  1  1  1  1  1  1  1  1  1  1  1  1  2  2  2  2* 2  2  2  2  2  3  3  3  3  3  4  5  5 

cascade cost: 2

1  1  1  1  1  1  1  1  1* 1  1  1  1  1  1  1  1  1  1  1  1  1  1  1  1  1  1  1  1  1  1  1  1  1  1  1  1  1  1  1  1  2  2  2  2  2  2  2  2  2  2  2  2  2  3  3  3  4 
1  1  1  1  1  1  1  1  1  1  1  1  1  1  1  1* 1  1  1  1  1  1  1  1  1  1  1  1  1  1  1  1  2  2  2  2  2  2  2  2  3  3  3  3  3  3  4  5  5 

cascade cost: 2

1  1  1  1  1  1  1  1  1  1  1  1  1  1  1  1  1  1  1  1  1  1  1  1  1  1  1  1  1  1  1  1  1  1  1  1  1  1  1  2  2* 2  2  2  2  2  2  2  2  2  2  2  2  3  3  3  4 
1  1  1  1  1  1  1  1  1  1  1  1  1  1  1  1  1  1  1  1  1  1  1  1  1  1  1  1  1  1  1  1* 2  2  2  2  2  2  2  2  3  3  3  3  3  3  4  5  5 

cascade cost: 2

1  1  1* 1  1  1  1  1  1  1  1  1  1  1  1  1  1  1  1  1  1  1  1  1  1  1  1  1  1  1  1  1  1  1  1  1  1  1  2  2  2  2  2  2  2  2  2  2  2  2  2  3  3  3  3  4 
1  1  1  1  1  1  1  1  1  1  1  1  1  1  1  1  1  1  1  1  1  1  1  1  1  1  1  1  1  1  1  1  2* 2  2  2  2  2  2  2  3  3  3  3  3  3  4  5  5 

cascade cost: 2

1  1  1  1  1  1  1  1  1  1  1  1  1  1  1  1  1  1  1  1  1  1  1  1  1  1  1  1  1  1  1* 1  1  1  1  1  1  1  2  2  2  2  2  2  2  2  2  2  2  2  2  3  3  3  3  4 
1  1  1  1  1  1  1  1  1  1  1  1  1  1  1  1  1  1  1  1  1  1  1  1  1  1  1  1  1  1  1  2  2  2  2  2  2  2  3  3  3  3  3  3  3  4* 5  5 

cascade cost: 2

1  1  1  1  1  1  1  1  1* 1  1  1  1  1  1  1  1  1  1  1  1  1  1  1  1  1  1  1  1  1  1  1  1  1  1  1  1  1  2  2  2  2  2  2  2  2  2  2  2  2  2  3  3  3  3  4 
1  1  1  1  1  1  1  1  1  1  1  1  1  1  1  1  1  1  1  1  1  1  1  1  1  1  1  1  1  1  2  2  2  2  2  2* 2  3  3  3  3  3  3  3  5  5  5 

cascade cost: 2

1  1  1  1  1  1  1  1  1  1  1  1  1  1  1  1  1  1  1  1  1  1  1  1  1  1* 1  1  1  1  1  1  1  1  1  1  1  1  2  2  2  2  2  2  2  2  2  2  2  2  2  3  3  3  3  4 
1  1  1  1  1  1  1  1  1  1  1  1  1  1  1  1  1  1  1  1* 1  1  1  1  1  1  1  1  1  2  2  2  2  2  2  3  3  3  3  3  3  3  3  5  5  5 

cascade cost: 2

1  1  1  1  1  1  1  1  1  1  1  1  1  1  1  1  1  1  1  1  1  1  1  1  1  1  1  1  1* 1  1  1  1  1  1  1  1  1  2  2  2  2  2  2  2  2  2  2  2  2  2  3  3  3  3  4 
1  1  1  1  1  1  1  1  1  1  1  1  1* 1  1  1  1  1  1  1  1  1  1  1  1  1  1  2  2  2  2  2  2  2  3  3  3  3  3  3  3  3  5  5  5 

cascade cost: 2

1  1  1  1  1  1  1  1  1  1  1  1  1  1  1  1  1  1  1  1  1  1  1  1  1  1  1  1  1  1  1  1  1  1  1  1  2  2  2  2  2  2  2  2* 2  2  2  2  2  2  3  3  3  3  4 
1* 1  1  1  1  1  1  1  1  1  1  1  1  1  1  1  1  1  1  1  1  1  1  1  1  1  1  2  2  2  2  2  2  2  3  3  3  3  3  3  3  3  5  5  5 

cascade cost: 2

1  1  1  1  1  1  1  1  1  1  1  1  1  1  1  1  1  1  1  1  1  1  1  1  1  1  1  1* 1  1  1  1  1  1  1  2  2  2  2  2  2  2  2  2  2  2  2  2  3  3  3  3  3  4 
1  1* 1  1  1  1  1  1  1  1  1  1  1  1  1  1  1  1  1  1  1  1  1  1  1  1  1  2  2  2  2  2  2  2  3  3  3  3  3  3  3  3  5  5  5 

cascade cost: 2

1  1* 1  1  1  1  1  1  1  1  1  1  1  1  1  1  1  1  1  1  1  1  1  1  1  1  1  1  1  1  1  1  1  2  2  2  2  2  2  2  2  2  2  2  2  2  2  3  3  3  3  3  4 
1  1  1  1  1  1  1  1  1  1  1  1  1  1  1  1  1  1  1  1  1  1  1  1  1  1  1  2  2  2  2  2  2  2  3  3  3* 3  3  3  3  3  5  5  5 

cascade cost: 2

1  1  1  1  1  1* 1  1  1  1  1  1  1  1  1  1  1  1  1  1  1  1  1  1  1  1  1  1  1  1  1  1  1  2  2  2  2  2  2  2  2  2  2  2  2  2  2  3  3  3  3  3  4 
1  1  1  1  1  1  1  1  1  1  1  1  1  1  1* 1  1  1  1  1  1  1  1  1  1  1  2  2  2  2  2  2  2  3  3  3  3  3  3  3  4  5  5  5 

cascade cost: 2

1  1  1  1  1  1  1  1  1  1  1  1  1  1  1  1  1  1  1  1  1  1  1  1  1  1  1  1  1  1  1  1  1  2  2  2  2  2  2  2  2  2  2  2  2  2  2  3* 3  3  3  3  4 
1  1  1  1* 1  1  1  1  1  1  1  1  1  1  1  1  1  1  1  1  1  1  1  1  2  2  2  2  2  2  2  2  3  3  3  3  3  3  3  4  5  5  5 

cascade cost: 2

1  1  1  1  1  1  1  1  1  1  1  1  1  1  1  1  1  1  1  1  1  1  1  1  1  1  1  1  1  1  1  1  2  2* 2  2  2  2  2  2  2  2  2  2  2  2  3  3  3  3  4  4 
1  1  1  1  1  1  1  1  1  1* 1  1  1  1  1  1  1  1  1  1  1  1  1  1  2  2  2  2  2  2  2  2  3  3  3  3  3  3  3  4  5  5  5 

cascade cost: 2

1  1  1  1  1  1  1  1  1  1  1  1  1  1  1  1  1  1  1* 1  1  1  1  1  1  1  1  1  1  1  1  2  2  2  2  2  2  2  2  2  2  2  2  2  3  3  3  3  3  4  4 
1  1  1  1  1  1  1  1  1  1  1  1  1  1  1  1  1  1  1  1  1  1  1  1  2  2  2  2  2  2  2  2  3  3  3  3  3* 3  3  4  5  5  5 

cascade cost: 2

1  1  1  1  1  1  1  1  1  1  1  1  1  1  1  1  1  1  1  1  1  1  1  1  1  1  1  1  1  1  1  2  2  2  2  2* 2  2  2  2  2  2  2  2  3  3  3  3  3  4  4 
1  1  1  1  1  1  1  1  1  1  1  1  1  1  1  1  1  1  1  1  1  1  1  2  2  2  2  2* 2  2  2  3  3  3  3  3  3  4  4  5  5  5 

cascade cost: 4

1  1  1  1  1  1  1  1  1  1  1  1  1  1  1  1  1  1  1  1  1  1  1  1* 1  1  1  1  1  1  1  1  1  2  2  2  2  2  2  2  2  2  2  2  2  3  3  3  3  3  4  4 
1  1  1  1  1  1* 1  1  1  1  1  1  1  1  1  1  1  1  1  1  1  2  2  2  2  2  2  2  3  3  3  3  3  3  4  4  4  5  5  5 

cascade cost: 2

1  1  1  1  1* 1  1  1  1  1  1  1  1  1  1  1  1  1  1  1  1  1  1  1  1  1  1  1  1  1  1  1  1  2  2  2  2  2  2  2  2  2  2  2  2  3  3  3  3  3  4  4 
1  1  1  1  1  1  1  1  1  1  1  1  1  1  1  1  1  1  1  2  2  2  2  2  2  2  2  3  3  3  3  3  3  4* 4  4  5  5  5 

cascade cost: 2

1  1  1  1  1  1  1  1  1  1  1  1  1  1  1  1  1  1  1  1  1  1  1  1  1  1  1  1* 1  1  1  1  1  2  2  2  2  2  2  2  2  2  2  2  2  3  3  3  3  3  4  4 
1  1  1  1  1  1  1* 1  1  1  1  1  1  1  1  1  1  1  2  2  2  2  2  2  2  2  3  3  3  3  3  3  4  4  5  5  5  5 

cascade cost: 2

1  1  1  1  1  1  1  1  1  1  1  1  1  1  1  1  1  1* 1  1  1  1  1  1  1  1  1  1  1  1  1  2  2  2  2  2  2  2  2  2  2  2  2  2  3  3  3  3  3  4  4 
1  1* 1  1  1  1  1  1  1  1  1  1  1  1  1  1  1  1  2  2  2  2  2  2  2  2  3  3  3  3  3  3  4  4  5  5  5  5 

cascade cost: 2

1  1  1  1  1  1  1  1  1  1  1  1  1  1  1  1  1  1  1  1  1  1  1  1  1  1  1  1  1* 2  2  2  2  2  2  2  2  2  2  2  2  2  2  3  3  3  3  3  4  4 
1  1  1  1  1  1  1  1  1  1  1  1  1  1  1  1  1  1  2  2  2  2  2  2  2  2  3  3  3  3  3* 3  4  4  5  5  5  5 

cascade cost: 2

1  1  1  1  1  1  1  1  1  1  1  1  1  1  1  1  1  1  1  1  1  1  1  1  1* 1  1  1  1  2  2  2  2  2  2  2  2  2  2  2  2  2  2  3  3  3  3  3  4  4 
1  1  1  1  1  1  1  1  1  1  1  1  1  1  1  1  1  2  2  2  2  2* 2  2  2  3  3  3  3  3  4  4  4  5  5  5  5 

cascade cost: 2

1  1  1  1  1  1  1  1  1  1  1  1  1  1  1  1  1  1  1  1* 1  1  1  1  1  1  1  1  1  2  2  2  2  2  2  2  2  2  2  2  2  2  2  3  3  3  3  3  4  4 
1  1  1  1  1  1  1  1  1  1  1  1  1  1  1  1  2  2  2  2  2  2  2  3  3* 3  3  3  3  4  4  4  5  5  5  5 

cascade cost: 2

1  1  1  1  1  1  1  1  1  1  1  1  1  1  1  1  1  1  1  1  1  1  1  1  1  1  1  1  1  2  2  2  2  2  2* 2  2  2  2  2  2  2  2  3  3  3  3  3  4  4 
1  1  1  1  1* 1  1  1  1  1  1  1  1  1  1  2  2  2  2  2  2  2  3  3  3  3  3  4  4  4  4  5  5  5  5 

cascade cost: 2

1  1  1  1  1  1  1  1  1  1  1  1  1  1  1  1  1  1  1  1  1  1  1  1  1  1  1  1  2* 2  2  2  2  2  2  2  2  2  2  2  2  3  3  3  3  3  3  4  4 
1  1  1  1  1  1  1  1  1* 1  1  1  1  1  1  2  2  2  2  2  2  2  3  3  3  3  3  4  4  4  4  5  5  5  5 

cascade cost: 2

1  1  1  1  1  1  1  1  1  1  1  1* 1  1  1  1  1  1  1  1  1  1  1  1  1  1  1  2  2  2  2  2  2  2  2  2  2  2  2  3  3  3  3  3  3  3  4  4 
1  1  1  1  1  1  1  1  1  1  1  1* 1  1  1  2  2  2  2  2  2  2  3  3  3  3  3  4  4  4  4  5  5  5  5 

cascade cost: 2

1  1  1  1  1  1  1  1* 1  1  1  1  1  1  1  1  1  1  1  1  1  1  1  1  1  1  1  2  2  2  2  2  2  2  2  2  2  2  2  3  3  3  3  3  3  3  4  4 
1  1  1  1  1  1  1  1  1  1  1  1  1  2  2  2  2  2  2  2  2  3  3  3  3  3  4* 4  4  4  5  5  5  5 

cascade cost: 2

1  1  1  1  1  1  1  1  1  1  1  1  1  1* 1  1  1  1  1  1  1  1  1  1  1  1  1  2  2  2  2  2  2  2  2  2  2  2  2  3  3  3  3  3  3  3  4  4 
1  1  1  1  1  1  1  1  1  1  1  1  2  2  2  2  2  2  2  2  3  3  3  3  3  4  4  4  5  5  5  5  5*

cascade cost: 2

1  1  1  1  1  1  1  1  1  1  1  1  1  1  1  1  1  1  1  1  1  1  1  1  1  1  1  2  2  2  2  2  2  2  2  2  2  2  2  3* 3  3  3  3  3  3  4  4 
1  1  1  1  1  1  1  1  1  1  1  2  2  2  2  2  2  2  2  3  3  3  3  3  4* 4  4  5  5  5  5  6 

cascade cost: 6

1  1  1  1  1  1  1  1  1  1  1  1  1  1  1  1  1* 1  1  1  1  1  1  1  1  1  1  1  1  1  2  2  2  2  2  2  2  2  2  2  2  2  3  3  3  3  3  3  4  4 
1  1  1  1  1  1  1  1  2  2  2* 2  2  2  2  2  3  3  3  3  3  4  4  5  5  5  5  6  7 

cascade cost: 2

1  1  1  1  1  1  1  1  1  1  1* 1  1  1  1  1  1  1  1  1  1  1  1  1  1  1  1  1  1  1  2  2  2  2  2  2  2  2  2  2  2  2  3  3  3  3  3  3  4  4 
1  1  1  1  1  1  1  2  2  2  2  2  2  2  3  3  3  3  3  3  4  4  5  5  5* 5  6  7 

cascade cost: 2

1  1  1  1  1  1  1  1  1  1  1  1  1  1  1  1  1  1* 1  1  1  1  1  1  1  1  1  1  1  1  2  2  2  2  2  2  2  2  2  2  2  2  3  3  3  3  3  3  4  4 
1  1  1  1  1  1  2  2  2  2  2  2  2  3  3  3  3  3  3  4  4* 5  5  5  6  6  7 

cascade cost: 2

1  1  1  1  1  1  1  1  1  1  1  1  1  1  1  1* 1  1  1  1  1  1  1  1  1  1  1  1  1  1  2  2  2  2  2  2  2  2  2  2  2  2  3  3  3  3  3  3  4  4 
1  1  1  1  1  2  2  2  2* 2  2  2  3  3  3  3  3  3  4  5  5  5  5  6  6  7 

cascade cost: 2

1  1  1  1* 1  1  1  1  1  1  1  1  1  1  1  1  1  1  1  1  1  1  1  1  1  1  1  1  1  1  2  2  2  2  2  2  2  2  2  2  2  2  3  3  3  3  3  3  4  4 
1  1  1  1  2  2  2  2  2  2  3  3  3  3  3  3  3  4  5* 5  5  5  6  6  7 

cascade cost: 2

1  1  1  1  1  1  1  1  1  1  1  1  1  1  1  1  1  1  1  1  1  1  1  1  1  1  1  1  1  1  2  2  2  2  2  2  2  2  2* 2  2  2  3  3  3  3  3  3  4  4 
1  1  1  2  2  2  2  2  2  3  3  3  3* 3  3  3  4  5  5  5  6  6  6  7 

cascade cost: 4

1  1  1  1  1  1  1  1  1  1  1  1  1  1  1  1  1  1  1* 1  1  1  1  1  1  1  1  1  1  1  1  1  2  2  2  2  2  2  2  2  2  2  2  3  3  3  3  3  3  4  4 
1  2  2  2  2  2  2  3  3  3  3  3  3  4  5  5  5  5  6  6* 6  7 

cascade cost: 2

1  1  1  1  1  1  1  1  1  1  1  1  1  1  1  1  1  1  1  1  1  1  1  1  1  1* 1  1  1  1  1  1  2  2  2  2  2  2  2  2  2  2  2  3  3  3  3  3  3  4  4 
2  2  2  2  2  2  3  3  3  3* 3  3  4  5  5  5  5  6  6  7  7 

cascade cost: 4

1  1  1  1  1  1  1  1  1  1  1  1  1  1  1  1  1  1  1  1  1  1  1  1  1  1  1  1  1  1  2  2  2* 2  2  2  2  2  2  2  2  2  3  3  3  3  3  3  4  4 
1  2  2  2  2  2  3  3  3  3  3  4  4  5  5  5* 5  6  6  7  7 

cascade cost: 4

1  1  1  1  1  1  1  1  1  1  1  1  1  1  1  1  1  1* 1  1  1  1  1  1  1  1  1  1  1  1  2  2  2  2  2  2  2  2  2  2  2  2  3  3  3  3  3  3  4  4 
1  2  2  2  2  3  3  3* 3  3  4  4  5  5  5  6  6  7  7  7 

cascade cost: 2

1  1  1  1  1  1  1  1  1  1  1  1  1  1* 1  1  1  1  1  1  1  1  1  1  1  1  1  1  1  1  2  2  2  2  2  2  2  2  2  2  2  2  3  3  3  3  3  3  4  4 
2  2  2  2  3  3  3  3  4  4  4* 5  5  5  6  6  7  7  7 

cascade cost: 4

1  1  1  1  1  1  1  1  1  1  1  1  1  1  1* 1  1  1  1  1  1  1  1  1  1  1  1  1  2  2  2  2  2  2  2  2  2  2  2  2  2  3  3  3  3  3  3  4  4 
1  2  2  2  3  3  3  3  4  4  5* 5  5  5  6  6  7  7  7 

cascade cost: 2

1  1  1  1  1  1* 1  1  1  1  1  1  1  1  1  1  1  1  1  1  1  1  1  1  1  1  1  1  2  2  2  2  2  2  2  2  2  2  2  2  2  3  3  3  3  3  3  4  4 
2  2  2  3* 3  3  3  4  4  5  5  5  6  6  6  7  7  7 

cascade cost: 4

1  1  1  1  1  1  1  1  1  1  1  1  1* 1  1  1  1  1  1  1  1  1  1  1  1  1  2  2  2  2  2  2  2  2  2  2  2  2  2  2  3  3  3  3  3  3  4  4 
1  2  2  3  3  3  4  4  4  5  5  5  6  6  6* 7  7  7 

cascade cost: 2

1* 1  1  1  1  1  1  1  1  1  1  1  1  1  1  1  1  1  1  1  1  1  1  1  1  1  2  2  2  2  2  2  2  2  2  2  2  2  2  2  3  3  3  3  3  3  4  4 
2* 2  3  3  3  4  4  4  5  5  5  6  6  7  7  7  7 

cascade cost: 4

1  1  1  1  1  1  1  1  1  1  1  1  1  1  1  1  1  1  1  1  1  1  1  1  2  2  2  2  2  2  2  2  2  2  2  2  2  2  2  3* 3  3  3  3  3  4  4 
1  3* 3  3  3  4  4  4  5  5  5  6  6  7  7  7  7 

cascade cost: 6

1  1  1  1  1  1  1  1  1  1  1  1  1  1  1  1  1  1  1  1  1  1  1  1  2  2* 2  2  2  2  2  2  2  2  2  2  2  2  2  3  3  3  3  3  3  4  4 
1  3  3  4  4  4  5  5  5  6  6* 6  7  7  7  7 

cascade cost: 6

1  1  1  1  1  1  1  1  1  1  1  1  1  1  1  1  1  1  1  1  1  1  1  2  2  2  2  2  2  2  2  2  2  2  2  2  2  3* 3  3  3  3  3  3  4  4 
1  1  3  4* 4  4  5  5  5  6  6  7  7  7  7  8 

cascade cost: 6

1  1* 1  1  1  1  1  1  1  1  1  1  1  1  1  1  1  1  1  1  1  1  1  2  2  2  2  2  2  2  2  2  2  2  2  2  2  3  3  3  3  3  3  3  4  4 
1  1  4  4  5  5  5  6  6  7  7* 7  7  7  8 

cascade cost: 2

1  1  1* 1  1  1  1  1  1  1  1  1  1  1  1  1  1  1  1  1  1  1  1  2  2  2  2  2  2  2  2  2  2  2  2  2  2  3  3  3  3  3  3  3  4  4 
1  4  4  5  5  5  6  6  7  7* 7  7  8  8 

cascade cost: 2

1  1  1  1  1  1  1  1  1  1  1  1  1  1  1  1  1  1  1  1  1  1  1* 2  2  2  2  2  2  2  2  2  2  2  2  2  2  3  3  3  3  3  3  3  4  4 
4  4  5  5* 5  6  6  7  7  7  8  8  8 

cascade cost: 8

1  1  1  1  1  1  1  1  1  1  1  1  1  1  1  1  1  1  1  2* 2  2  2  2  2  2  2  2  2  2  2  2  2  3  3  3  3  3  3  3  4  4  4 
1  1  1  4  5  5  6* 6  6  7  7  7  8  8  8 

cascade cost: 4

1  1  1  1  1  1  1  1  1  1  1  1  1  1  1  1  1  1  1  1  1  2  2  2  2  2  2  2  2  2  2  2* 2  2  3  3  3  3  3  3  3  4  4  4 
1  4  5  5  6  6  7* 7  7  8  8  8  8 

cascade cost: 8

1  1  1  1  1  1  1  1  1  1  1  1  1  1  1  1  1  1  1  2  2  2  2  2  2  2  2  2  2  2  2  3  3  3  3  3  3  3  4  4  4  4*
1  1  1  5  5  6  6  7  7  8  8  8* 8  9 

cascade cost: 10

1  1  1  1  1  1  1  1  1  1  1  1  1  1  1  1  1  1  2* 2  2  2  2  2  2  2  2  2  2  2  3  3  3  3  3  3  3  4  4  4  5 
1  1  1  1  5  6  6  7  7  8* 8  8  9  12 

cascade cost: 4

1  1  1  1  1  1  1  1* 1  1  1  1  1  1  1  1  1  1  1  1  2  2  2  2  2  2  2  2  2  2  2  3  3  3  3  3  3  3  4  4  4  5 
1* 1  5  6  6  7  7  8  8  9  10  12 

cascade cost: 2

1  1  1  1  1  1  1  1* 1  1  1  1  1  1  1  1  1  1  1  1  2  2  2  2  2  2  2  2  2  2  2  3  3  3  3  3  3  3  4  4  4  5 
2  5  6  6  7  7  8  8* 9  10  12 

cascade cost: 4

1  1  1  1  1  1  1  1  1  1  1* 1  1  1  1  1  1  1  2  2  2  2  2  2  2  2  2  2  2  2  3  3  3  3  3  3  3  4  4  4  5 
1  5* 6  6  7  7  8  9  9  10  12 

cascade cost: 2

1  1  1  1  1  1  1  1  1  1  1  1  1  1  1  1  1  1  2  2  2  2  2  2  2  2  2  2  2  2  3  3  3  3  3  3  3  4* 4  4  5 
6  6  6  7  7  8* 9  9  10  12 

cascade cost: 12

1  1  1  1  1  1  1  1  1  1  1  1  1  1  1  1  2  2  2  2  2  2  2  2  2  2  2  2* 3  3  3  3  3  3  3  4  4  5  6 
1  1  6  6  7  7  9  9* 10  12  12 

cascade cost: 4

1  1  1  1  1  1  1  1  1  1  1  1  1  1  1  1  1  1  2  2  2  2  2  2  2* 2  2  2  2  3  3  3  3  3  3  3  4  4  5  6 
6  6  7  7  9  10  11  12* 12 

cascade cost: 12

1  1  1  1  1  1  1  1  1  1  1  1  1  1  2  2  2  2  2  2* 2  2  2  2  3  3  3  3  3  3  3  4  4  5  6  6 
1  1  1  1* 6  7  7  9  10  11  12  14 

cascade cost: 2

1  1  1  1  1  1  1  1* 1  1  1  1  1  2  2  2  2  2  2  2  2  2  3  3  3  3  3  3  3  3  4  4  5  6  6 
1  1  1  1  6  7  7  9  10  11  12  14*

cascade cost: 2

1  1  1  1  1  1  1  1  1  1  1  1  1  2  2  2  2  2  2  2  2* 2  3  3  3  3  3  3  3  3  4  4  5  6  6 
1  1  1  6  7  7  9* 10  11  12  15 

cascade cost: 4

1  1  1  1  1  1  1  1  1  1  1  1  1  1  1  2  2  2  2  2  2  2  2  3  3  3  3* 3  3  3  3  4  4  5  6  6 
1* 6  7  7  10  11  11  12  15 

cascade cost: 2

1  1  1  1  1  1  1  1  1  1  1  1  1  1  2  2  2* 2  2  2  2  2  3  3  3  3  3  3  3  4  4  4  5  6  6 
1* 6  7  7  10  11  11  12  15 

cascade cost: 2

1  1  1  1  1  1  1  1  1  1  1  1  1  2  2  2  2  2  2  2  3  3  3  3  3  3  3  3  4* 4  4  5  6  6 
1  6  7* 7  10  11  11  12  15 

cascade cost: 12

1  1  1  1  1  1  1  1  1  1  1  2  2  2  2  2  2  2  3  3* 3  3  3  3  3  3  4  4  5  6  6  6 
1  1  1  7  10  11  11  11  12  15*

cascade cost: 6

1  1  1  1* 1  1  1  1  1  1  1  1  1  1  2  2  2  2  2  2  2  3  3  3  3  3  3  3  4  4  5  6  6  6 
7  10  11* 11  11  12  18 

cascade cost: 14

1  1  1  1  1  1  1  2  2  2  2  2  2  2  3  3  3  3  3  3  3  4  4  5* 6  6  6  7 
1  1  1  1  1  1  10  11  11  12  12* 18 

cascade cost: 10

1  1  1  1  1  1  1  1  1  1  1  1  2  2  2  2  2  2  2  3  3  3  3  3  3  3  4  4* 6  6  6  7 
1  10  11  11* 12  17  18 

cascade cost: 20

1  1* 1  1  1  1  1  1  1  1  2  2  2  2  2  2  2  3  3  3  3  3  3  3  6  6  6  7  10 
1* 1  1  4  11  12  15  17  18 

cascade cost: 2

1  1  1  1  1  1  1  1  1  1  2  2* 2  2  2  2  2  3  3  3  3  3  3  3  6  6  6  7  10 
1  2  4  11* 12  15  17  18 

cascade cost: 4

1  1  1  1  1  1  1  1  1  1  2  2  2  2  2  2  2  3  3* 3  3  3  3  3  6  6  6  7  10 
1  4  12* 13  15  17  18 

cascade cost: 8

1  1  1  1  1  1  1  1  1  2  2  2  2  2  2  2  3  3  3  3* 3  3  4  6  6  6  7  10 
1  1  13* 15  15  17  18 

cascade cost: 26

1  1* 1  1  1  1  1  2  2  2  2  2  2  2  3  3  3  3  3  6  6  6  10  16 
1  1  1  1  4  7  15* 15  17  18 

cascade cost: 2

1  1  1  1  1  1  1  2  2  2  2  2  2  2  3  3  3  3  3  6  6* 6  10  16 
1  1  1  4  7  15  16  17  18*

cascade cost: 12

1  1* 1  1  1  1  1  1  1  2  2  2  2  2  2  2  3  3  3  3  3  4  6  6  10  16 
1  7* 15  16  17  24 

cascade cost: 2

1  1  1  1  1  1  1  1  1  2  2  2  2  2  2  2* 3  3  3  3  3  4  6  6  10  16 
8  15  16  17* 24 

cascade cost: 16

1  1* 1  1  1  1  1  2  2  2  2  2  2  3  3  3  3  3  6  6  8  10  16 
1  1  4  15  16  19* 24 

cascade cost: 2

1  1* 1  1  1  1  1  2  2  2  2  2  2  3  3  3  3  3  6  6  8  10  16 
1  4  15  16* 20  24 

cascade cost: 2

1  1  1* 1  1  1  1  2  2  2  2  2  2  3  3  3  3  3  6  6  8  10  16 
4* 15  17  20  24 

cascade cost: 8

1  1  2  2  2  2  2  2  3  3  3  3  3  5  6  6  8  10* 16 
1  1  1  1  15  17* 20  24 

cascade cost: 30

1  2  2  2  2* 3  3  3  3  3  5  6  6  8  15  16 
1  1  1  1  1  2  2* 20  24  27 

cascade cost: 4

1  2  2* 3  3  3  3  3  4  5  6  6  8  15  16 
1  1  1  1  1* 2  2  20  24  27 

cascade cost: 2

2  3  3  3  3* 3  3  4  5  6  6  8  15  16 
1  1  1  1  1  2  2* 20  24  27 

cascade cost: 4

3  3  3  3  3  4  5* 5  6  6  8  15  16 
1  1  1  1  1  2  2  20* 24  27 

cascade cost: 10

1  1  1* 1  1  3  3  3  3  3  4  5  6  6  8  15  16 
2  2* 24  25  27 

cascade cost: 4

1  1  3  3  3  3* 3  3  4  5  6  6  8  15  16 
1* 1  2  24  25  27 

cascade cost: 2

1  3  3  3  3  3  4  4* 5  6  6  8  15  16 
1* 1  2  24  25  27 

cascade cost: 2

3  3  3  3  3  4  5  5  6* 6  8  15  16 
1* 1  2  24  25  27 

cascade cost: 6

2  3  3  3  3  4  5* 5  6  7  8  15  16 
1* 3  24  25  27 

cascade cost: 8

2  3  3  3  3  3  5  6* 6  7  8  15  16 
4  24  25* 27 

cascade cost: 48

2  3  3  3  3  5  6  7  8  16  24*
3  4* 15  27  31 

cascade cost: 14

2  3  3  3  3  3  5* 6  8  16  28 
7* 15  27  31 

cascade cost: 30

3  3  3  3  3* 6  15  16  28 
2  8  12  27* 31 

cascade cost: 62

6  15* 28  31 
2  3  3  3* 3  8  12  16  30 

cascade cost: 12

3  18  28* 31 
2  3  3* 6  8  12  16  30 

cascade cost: 6

18* 31  31 
2  3  3  6* 8  12  16  30 

cascade cost: 36

3  3  12* 31  31 
2  8* 16  24  30 

cascade cost: 36

2* 16  31  31 
3  3  20* 24  30 

cascade cost: 66

3  16  30* 31 
3  22* 24  31 

