1  1  1  1  1  1  1  1  1  1  1  1  1  1  1  1  1  1  1  1  1  1  1  1  1  1  1  1  1  1  1  1  1  1  1  1  1* 1  1  1 
1  1  1  1  1  1  1  1  1  1  1  1  1  1  1  1  1  1  1  1  1  1  1  1  1  1  1  1  1  1  1* 1  1  1  1  1  1  1  1  1 

cascade cost: 2

1  1  1  1  1  1  1  1  1  1  1  1  1  1  1  1  1  1  1  1  1  1  1  1  1  1  1  1  1* 1  1  1  1  1  1  1  1  1  1  1 
1  1  1  1  1  1  1  1  1  1  1* 1  1  1  1  1  1  1  1  1  1  1  1  1  1  1  1  1  1  1  1  1  1  1  1  1  1  1  2 

cascade cost: 2

1  1  1  1  1  1  1  1  1  1  1  1  1  1* 1  1  1  1  1  1  1  1  1  1  1  1  1  1  1  1  1  1  1  1  1  1  1  1  1  1 
1  1  1  1  1  1  1  1  1  1  1  1  1  1  1  1  1  1  1  1  1  1  1  1  1  1  1  1  1  1  1  1* 1  1  1  1  2  2 

cascade cost: 2

1  1  1  1  1  1  1  1  1  1* 1  1  1  1  1  1  1  1  1  1  1  1  1  1  1  1  1  1  1  1  1  1  1  1  1  1  1  1  1  1 
1  1  1  1  1  1  1  1  1  1  1  1  1  1  1  1  1  1  1  1  1  1  1  1  1  1  1* 1  1  1  1  1  1  1  2  2  2 

cascade cost: 2

1  1  1  1  1  1  1  1  1  1  1  1  1  1  1  1  1  1  1  1  1  1  1  1  1  1  1  1  1  1  1  1  1* 1  1  1  1  1  1  1 
1  1  1  1  1  1  1  1  1  1  1  1  1  1* 1  1  1  1  1  1  1  1  1  1  1  1  1  1  1  1  1  1  2  2  2  2 

cascade cost: 2

1  1  1  1  1  1  1  1  1  1  1  1  1  1  1  1  1  1  1  1* 1  1  1  1  1  1  1  1  1  1  1  1  1  1  1  1  1  1  1  1 
1  1  1  1  1  1  1  1  1  1  1* 1  1  1  1  1  1  1  1  1  1  1  1  1  1  1  1  1  1  1  2  2  2  2  2 

cascade cost: 2

1  1  1  1  1  1  1  1  1  1  1  1  1  1  1  1  1  1  1  1  1  1  1  1  1  1  1  1  1  1  1  1  1  1  1  1  1  1  1  1*
1  1  1  1  1  1  1  1  1  1  1  1  1  1  1* 1  1  1  1  1  1  1  1  1  1  1  1  1  2  2  2  2  2  2 

cascade cost: 2

1  1  1  1  1  1  1  1  1  1  1  1  1  1  1  1  1  1  1  1  1  1  1  1  1  1  1* 1  1  1  1  1  1  1  1  1  1  1  1  1 
1  1  1  1  1  1  1  1  1  1  1  1  1  1  1  1  1  1  1  1  1  1  1  1  1  1  2  2  2  2  2  2  2*

cascade cost: 2

1  1  1  1  1  1  1  1  1  1  1  1  1  1  1  1  1  1  1  1  1  1  1  1  1  1  1  1  1  1  1  1  1  1  1  1* 1  1  1  1 
1  1  1  1  1  1  1  1  1  1  1  1  1  1  1* 1  1  1  1  1  1  1  1  1  1  2  2  2  2  2  2  3 

cascade cost: 2

1  1  1  1  1  1  1  1  1  1  1  1  1  1  1  1  1  1* 1  1  1  1  1  1  1  1  1  1  1  1  1  1  1  1  1  1  1  1  1  1 
1  1  1  1  1  1  1  1  1  1  1  1  1  1  1  1  1  1  1  1  1  1  1  2* 2  2  2  2  2  2  3 

cascade cost: 2

1  1* 1  1  1  1  1  1  1  1  1  1  1  1  1  1  1  1  1  1  1  1  1  1  1  1  1  1  1  1  1  1  1  1  1  1  1  1  1  1 
1  1  1  1  1  1  1  1  1  1  1  1  1  1  1  1  1  1  1  1  1  1  2* 2  2  2  2  2  3  3 

cascade cost: 2

1  1  1  1  1  1  1  1  1  1  1  1  1  1  1  1  1  1  1  1  1  1  1  1  1  1  1  1  1  1  1  1  1  1  1  1* 1  1  1  1 
1  1  1  1  1  1  1  1* 1  1  1  1  1  1  1  1  1  1  1  1  1  2  2  2  2  2  3  3  3 

cascade cost: 2

1  1  1  1  1  1  1  1  1  1  1  1  1  1  1  1  1  1  1  1  1  1  1  1  1  1  1  1  1  1  1  1  1* 1  1  1  1  1  1  1 
1  1  1  1  1  1  1  1  1  1  1  1  1  1  1  1  1  1  1  2  2  2* 2  2  2  3  3  3 

cascade cost: 2

1  1  1  1  1  1  1  1* 1  1  1  1  1  1  1  1  1  1  1  1  1  1  1  1  1  1  1  1  1  1  1  1  1  1  1  1  1  1  1  1 
1  1  1  1  1  1  1  1  1  1  1  1  1  1  1  1* 1  1  2  2  2  2  2  3  3  3  3 

cascade cost: 2

1  1  1  1  1  1  1  1  1  1  1  1  1  1  1  1  1* 1  1  1  1  1  1  1  1  1  1  1  1  1  1  1  1  1  1  1  1  1  2 
1  1  1  1  1  1  1  1  1  1  1  1  1  1  1  1  1  1  2  2  2  2  2  3  3  3* 3 

cascade cost: 2

1  1  1  1  1  1  1  1  1* 1  1  1  1  1  1  1  1  1  1  1  1  1  1  1  1  1  1  1  1  1  1  1  1  1  1  1  1  1  2 
1  1  1  1  1  1  1  1  1  1  1  1  1  1  1  1  1  2  2  2  2  2* 3  3  3  4 

cascade cost: 2

1  1  1  1  1  1  1  1  1  1  1  1  1  1  1  1  1  1  1  1  1* 1  1  1  1  1  1  1  1  1  1  1  1  1  1  1  1  1  2 
1  1  1  1  1  1  1  1  1  1  1  1  1  1  1  1  2* 2  2  2  3  3  3  3  4 

cascade cost: 2

1  1  1  1  1  1  1  1  1  1  1  1  1  1  1  1  1* 1  1  1  1  1  1  1  1  1  1  1  1  1  1  1  1  1  1  1  1  1  2 
1  1  1  1  1  1  1  1  1  1  1  1* 1  1  1  2  2  2  3  3  3  3  3  4 

cascade cost: 2

1  1  1  1* 1  1  1  1  1  1  1  1  1  1  1  1  1  1  1  1  1  1  1  1  1  1  1  1  1  1  1  1  1  1  1  1  1  1  2 
1  1  1  1  1  1  1  1  1  1  1  1  1  2  2  2* 2  3  3  3  3  3  4 

cascade cost: 2

1  1  1  1  1  1  1  1  1  1  1  1  1  1  1  1  1  1  1  1  1  1  1  1  1  1  1  1  1  1  1  1  1  1  1  1  1  1* 2 
1  1  1  1  1  1  1  1  1  1  1  1  2  2  2  3* 3  3  3  3  3  4 

cascade cost: 2

1  1  1  1  1  1  1  1  1  1  1  1  1* 1  1  1  1  1  1  1  1  1  1  1  1  1  1  1  1  1  1  1  1  1  1  1  1  1  2 
1  1  1  1  1  1  1  1  1  1* 1  2  2  2  3  3  3  3  3  4  4 

cascade cost: 2

1  1  1  1  1  1  1  1  1  1  1  1  1  1  1  1  1  1  1  1  1  1  1  1  1  1  1  1  1  1  1  1  1  1  1* 1  1  1  2 
1  1  1* 1  1  1  1  1  1  2  2  2  2  3  3  3  3  3  4  4 

cascade cost: 2

1  1  1  1  1  1  1  1  1  1  1  1  1  1  1  1  1  1  1  1* 1  1  1  1  1  1  1  1  1  1  1  1  1  1  1  1  1  1  2 
1  1  1  1  1  1  1  2  2  2* 2  2  3  3  3  3  3  4  4 

cascade cost: 2

1  1  1  1  1  1  1  1  1  1  1  1  1  1  1  1  1  1  1* 1  1  1  1  1  1  1  1  1  1  1  1  1  1  1  1  1  1  1  2 
1  1  1  1  1  1  2  2  2  2  3  3* 3  3  3  3  4  4 

cascade cost: 2

1  1  1  1  1  1  1  1  1  1  1  1  1  1  1  1  1  1  1  1  1* 1  1  1  1  1  1  1  1  1  1  1  1  1  1  1  1  1  2 
1  1  1* 1  1  2  2  2  2  3  3  3  3  3  4  4  4 

cascade cost: 2

1  1* 1  1  1  1  1  1  1  1  1  1  1  1  1  1  1  1  1  1  1  1  1  1  1  1  1  1  1  1  1  1  1  1  1  1  1  1  2 
1  1  1  2  2  2  2* 2  3  3  3  3  3  4  4  4 

cascade cost: 2

1  1  1  1  1  1  1  1  1  1  1  1  1  1  1  1  1  1  1  1  1  1  1  1  1  1  1  1  1  1  1  1  1  1  1  1  1  1* 2 
1  1  2  2  2  2  3  3  3  3  3  3  4* 4  4 

cascade cost: 2

1  1  1  1  1  1  1  1  1  1* 1  1  1  1  1  1  1  1  1  1  1  1  1  1  1  1  1  1  1  1  1  1  1  1  1  1  1  1  2 
1  2  2  2  2  3  3  3  3  3  3* 4  4  5 

cascade cost: 2

1  1  1* 1  1  1  1  1  1  1  1  1  1  1  1  1  1  1  1  1  1  1  1  1  1  1  1  1  1  1  1  1  1  1  1  1  1  1  2 
2  2  2  2  3  3  3  3  3  4  4  4  5*

cascade cost: 4

1  1  1  1  1  1  1  1  1* 1  1  1  1  1  1  1  1  1  1  1  1  1  1  1  1  1  1  1  1  1  1  1  1  1  1  1  2  2 
1* 2  2  2  3  3  3  3  3  4  4  4  6 

cascade cost: 2

1  1  1  1  1  1  1  1  1  1  1  1* 1  1  1  1  1  1  1  1  1  1  1  1  1  1  1  1  1  1  1  1  1  1  2  2  2 
1* 2  2  2  3  3  3  3  3  4  4  4  6 

cascade cost: 2

1  1  1  1  1  1  1  1  1  1  1  1  1  1  1  1  1  1  1  1  1  1  1  1  1  1  1  1  1  1  1  1  2  2  2  2*
1  2* 2  2  3  3  3  3  3  4  4  4  6 

cascade cost: 4

1  1  1  1  1  1  1  1  1  1  1  1  1  1  1  1  1  1  1  1  1  1  1  1  1  1  1  1  1  1  1  1  2* 2  2  2 
1  2  3  3  3  3  3  4  4* 4  4  6 

cascade cost: 4

1  1  1  1  1  1  1  1  1  1  1* 1  1  1  1  1  1  1  1  1  1  1  1  1  1  1  1  1  1  1  1  1  2  2  2  2 
1  3  3  3  3* 3  4  4  4  6  6 

cascade cost: 2

1  1  1  1  1  1  1  1  1  1  1  1  1  1  1  1  1  1  1  1  1  1  1  1  1  1  1  1  1  1  1  1  2  2* 2  2 
3* 3  3  3  4  4  4  4  6  6 

cascade cost: 6

1  1  1  1  1  1  1  1  1  1  1  1  1  1  1  1  1  1  1  1  1* 1  1  1  1  1  1  1  1  1  1  2  2  2  3 
1  3* 3  4  4  4  4  5  6  6 

cascade cost: 2

1  1  1  1  1  1  1  1  1  1  1  1  1  1  1  1  1  1  1  1  1  1  1  1  1  1  1* 1  1  1  1  2  2  2  3 
3  4  4  4  4  4  5  6* 6 

cascade cost: 6

1  1  1  1  1  1  1  1  1  1  1  1  1  1  1  1  1  1  1  1  1  1  1  1  1  1  1  1  1  1* 2  2  3  3 
2  4  4  4  4  4  5* 6  7 

cascade cost: 4

1  1  1  1  1  1  1  1  1  1  1  1  1  1  1  1  1  1  1  1  1  1* 1  1  1  1  1  1  2  2  2  3  3 
1  4  4  4  4  4* 6  6  7 

cascade cost: 2

1* 1  1  1  1  1  1  1  1  1  1  1  1  1  1  1  1  1  1  1  1  1  1  1  1  1  1  1  2  2  2  3  3 
4  4  4  4* 5  6  6  7 

cascade cost: 8

1  1  1  1  1  1  1  1  1  1  1  1  1  1  1  1  1  1  1  1  1* 1  1  1  1  1  2  2  3  3  4 
1* 2  4  4  5  5  6  6  7 

cascade cost: 2

1  1  1  1  1  1  1* 1  1  1  1  1  1  1  1  1  1  1  1  1  1  1  1  1  2  2  2  3  3  4 
1  2* 4  4  5  5  6  6  7 

cascade cost: 2

1  1  1  1  1  1  1  1  1  1  1  1  1  1  1  1  1  1  1  1* 1  1  1  1  2  2  2  3  3  4 
3  4  4* 5  5  6  6  7 

cascade cost: 6

1  1  1  1  1  1  1  1  1  1  1  1  1  1  1  1  1  1  1  1  1  2  2  2  3  3  3* 4 
1  1  4  5* 5  5  6  6  7 

cascade cost: 8

1  1  1  1  1  1  1  1  1  1  1  1  1  1* 1  1  1  1  1  1  2  2  2  3  3  4  4 
1  1  1* 5  5  6  6  7  8 

cascade cost: 2

1  1  1  1  1  1  1  1  1  1  1  1  1  1  1  1  1  1  2  2* 2  2  3  3  4  4 
1  1  1  5  5* 6  6  7  8 

cascade cost: 4

1  1  1  1  1  1  1  1  1  1  1  1  1  1  1  1  1* 1  1  1  2  2  2  3  3  4  4 
1  5  6  6  7  7  8*

cascade cost: 2

1  1  1  1  1  1  1  1  1  1  1  1  1  1  1  1  1* 1  1  1  2  2  2  3  3  4  4 
5  6  6* 7  7  9 

cascade cost: 10

1  1  1  1  1  1  1  1  1  1  1  1  1  1  1  1  1  1  2  2  2* 3  4  4  5 
1  3  6  7  7  7  9*

cascade cost: 6

1  1  1  1  1  1  1  1  1  1  1  1  1* 1  1  1  1  2  2  3  3  4  4  5 
1  1  6  7  7  7* 11 

cascade cost: 2

1  1  1  1  1  1  1  1  1  1  1* 1  1  1  1  1  1  2  2  3  3  4  4  5 
1  6  7  7  8* 11 

cascade cost: 2

1  1  1  1  1  1  1* 1  1  1  1  1  1  1  1  1  1  2  2  3  3  4  4  5 
6  7  7* 9  11 

cascade cost: 12

1  1  1  1  1  1  1  1  1* 1  1  1  1  1  1  1  2  2  3  3  4  4  6 
5  7* 8  9  11 

cascade cost: 10

1  1  1  1  1  1  1  1  1  1  1  1  1  1* 2  2  3  4  4  5  6 
1* 3  8  8  9  11 

cascade cost: 2

1  1  1  1  1  1  1  1  1  1  1  1* 2  2  2  3  4  4  5  6 
1  3  8* 8  9  11 

cascade cost: 2

1  1  1  1  1  1  1  1* 1  1  1  1  2  2  2  3  4  4  5  6 
3* 8  9  9  11 

cascade cost: 6

1  1  1  1  1  1  1  1  2  2  2  3  4  4  4  5* 6 
1  1  1  8  9* 9  11 

cascade cost: 16

1  1  1  1  1  1  1  1  2  2  2  4  4  4  6* 8 
1  1  1  3  9  11* 14 

cascade cost: 12

1* 1  1  1  1  1  1  1  1  1  1  2  2  2  3  4  4  4  8 
9  14* 17 

cascade cost: 18

1  1  1  1  1  1  1  1  1  1  2  2  2  3  4* 4  4  9 
8  15  17*

cascade cost: 16

1  1  1  1  1  1  2  2  2  3  4  4* 8  9 
1  1  1  1  15* 21 

cascade cost: 8

1  1  1  1* 1  1  1  1  1  1  2  2  2  3  4  8  9 
19* 21 

cascade cost: 38

2  2  3  4* 9  20 
1  1  1  1  1  1  1  1  1* 2  8  21 

cascade cost: 4

1  2  3  5  9* 20 
1* 1  1  1  1  1  1  2  2  8  21 

cascade cost: 2

2  3* 5  10  20 
1* 1  1  1  1  1  1  2  2  8  21 

cascade cost: 4

1  4  5* 10  20 
1  1* 1  1  1  2  2  2  8  21 

cascade cost: 2

4  6  10  20*
1  1  1  1  1* 2  2  2  8  21 

cascade cost: 8

1  2  6* 10  21 
1* 1  1  2  2  4  8  21 

cascade cost: 2

2  7* 10  21 
1  1  1  2  2  4* 8  21 

cascade cost: 14

1  1* 1  2  2  2  10  21 
8* 11  21 

cascade cost: 16

9* 10  21 
1  1  2  2  2  11  21*

cascade cost: 38

1  1  2  2  2* 11  21 
10* 30 

