1  1  1  1  1  1  1  1  1  1  1  1  1  1  1  1  1  1  1  1  1  1  1  1  1  1  1  1  1  1  1  1  1  1  1  1  1  1  1  1  1  1  1  1  1  1  1  1  1  1  1  1  1  1  1  1  1  1  1  1* 1  1  1  1  1  1  1  1  1  1 
1  1  1  1  1  1  1  1  1  1  1  1  1  1  1  1  1  1  1  1  1  1  1  1  1  1  1  1  1  1  1  1  1  1  1  1  1  1  1  1  1  1  1  1  1  1  1  1  1  1  1  1  1  1  1  1  1  1  1  1  1* 1  1  1  1  1  1  1  1  1 

cascade cost: 2

1  1  1  1  1  1  1  1  1  1  1  1* 1  1  1  1  1  1  1  1  1  1  1  1  1  1  1  1  1  1  1  1  1  1  1  1  1  1  1  1  1  1  1  1  1  1  1  1  1  1  1  1  1  1  1  1  1  1  1  1  1  1  1  1  1  1  1  1  1  1 
1  1  1  1  1  1  1  1  1  1  1  1  1  1  1* 1  1  1  1  1  1  1  1  1  1  1  1  1  1  1  1  1  1  1  1  1  1  1  1  1  1  1  1  1  1  1  1  1  1  1  1  1  1  1  1  1  1  1  1  1  1  1  1  1  1  1  1  1  2 

cascade cost: 2

1  1  1  1  1  1  1  1  1  1  1  1  1  1  1  1  1  1  1  1  1  1  1  1  1  1  1  1  1  1  1  1  1  1  1  1  1  1  1  1  1  1  1  1  1  1  1  1  1  1  1  1  1  1  1  1  1  1  1  1  1  1  1  1  1  1  1  1* 1  1 
1  1  1  1  1  1  1  1  1  1  1  1  1  1  1  1  1  1  1  1  1  1  1  1  1  1  1  1  1  1  1  1  1  1  1  1  1  1* 1  1  1  1  1  1  1  1  1  1  1  1  1  1  1  1  1  1  1  1  1  1  1  1  1  1  1  1  2  2 

cascade cost: 2

1  1  1  1  1  1  1  1  1  1  1  1  1  1  1  1  1  1  1  1  1  1  1  1  1  1  1  1  1  1  1  1  1  1  1  1  1  1  1  1  1  1  1  1  1  1  1  1  1  1  1  1  1  1* 1  1  1  1  1  1  1  1  1  1  1  1  1  1  1  1 
1  1  1  1  1  1  1  1  1  1  1  1  1  1  1  1  1  1  1  1  1  1  1  1  1  1  1  1  1  1  1  1  1* 1  1  1  1  1  1  1  1  1  1  1  1  1  1  1  1  1  1  1  1  1  1  1  1  1  1  1  1  1  1  1  2  2  2 

cascade cost: 2

1  1  1  1  1  1  1  1  1  1  1  1  1  1  1  1  1  1  1  1  1  1  1  1  1  1  1  1  1  1  1  1  1  1  1  1  1  1  1  1  1  1  1  1  1  1  1  1  1  1  1  1  1  1  1  1* 1  1  1  1  1  1  1  1  1  1  1  1  1  1 
1  1  1  1  1  1  1  1  1  1  1  1  1  1  1  1  1  1  1  1  1  1  1  1  1  1  1  1  1  1  1  1  1  1  1  1  1  1  1  1  1  1  1  1  1  1  1  1  1  1  1  1* 1  1  1  1  1  1  1  1  1  1  2  2  2  2 

cascade cost: 2

1  1  1  1  1  1  1  1  1  1  1  1  1  1  1  1  1  1  1  1  1  1  1  1  1  1  1  1  1  1  1  1  1* 1  1  1  1  1  1  1  1  1  1  1  1  1  1  1  1  1  1  1  1  1  1  1  1  1  1  1  1  1  1  1  1  1  1  1  1  1 
1  1  1  1  1  1  1  1  1  1  1  1  1  1  1  1  1  1  1  1  1  1  1  1  1  1  1  1  1  1  1  1  1  1* 1  1  1  1  1  1  1  1  1  1  1  1  1  1  1  1  1  1  1  1  1  1  1  1  1  1  2  2  2  2  2 

cascade cost: 2

1  1  1  1  1  1  1  1  1  1  1  1  1  1  1  1  1* 1  1  1  1  1  1  1  1  1  1  1  1  1  1  1  1  1  1  1  1  1  1  1  1  1  1  1  1  1  1  1  1  1  1  1  1  1  1  1  1  1  1  1  1  1  1  1  1  1  1  1  1  1 
1  1  1  1  1  1  1  1  1  1  1  1  1  1  1  1  1  1  1  1  1  1  1  1  1  1  1  1  1  1  1  1  1  1  1  1* 1  1  1  1  1  1  1  1  1  1  1  1  1  1  1  1  1  1  1  1  1  1  2  2  2  2  2  2 

cascade cost: 2

1  1  1  1  1  1  1  1  1  1  1  1  1  1  1  1  1  1  1  1  1  1  1  1  1  1  1  1  1  1  1  1  1  1  1  1  1  1  1  1  1  1  1  1  1  1  1  1  1  1  1  1  1  1  1  1  1  1  1  1  1  1  1  1  1  1  1  1  1* 1 
1  1  1  1  1  1  1  1  1  1  1  1  1  1  1  1  1  1  1  1  1  1  1  1  1  1  1  1  1  1* 1  1  1  1  1  1  1  1  1  1  1  1  1  1  1  1  1  1  1  1  1  1  1  1  1  1  2  2  2  2  2  2  2 

cascade cost: 2

1  1  1  1  1  1  1  1  1  1  1  1  1  1  1  1  1  1  1  1  1  1  1  1  1  1  1  1  1  1  1  1  1  1  1  1  1  1  1  1  1  1  1  1  1  1  1  1  1  1* 1  1  1  1  1  1  1  1  1  1  1  1  1  1  1  1  1  1  1  1 
1  1  1  1  1  1  1  1  1  1  1  1  1  1  1  1  1  1  1  1  1  1  1  1  1  1  1  1  1  1  1  1  1  1  1  1  1  1  1  1  1  1  1  1  1  1  1  1  1  1  1  1  1  1  2  2  2* 2  2  2  2  2 

cascade cost: 2

1  1  1  1  1  1  1  1  1  1  1  1  1  1  1  1  1  1  1  1  1  1  1  1  1  1  1  1  1  1  1  1  1  1  1  1  1  1  1  1  1  1  1  1  1  1  1  1  1  1  1  1* 1  1  1  1  1  1  1  1  1  1  1  1  1  1  1  1  1  1 
1  1  1  1  1  1  1  1  1  1  1  1  1  1  1  1  1  1  1  1  1  1  1  1  1  1  1  1  1  1  1  1  1  1  1  1  1  1  1  1  1  1  1  1  1  1  1  1  1  1  1  1  1  2  2  2  2  2  2* 2  3 

cascade cost: 2

1  1  1  1  1  1  1  1  1* 1  1  1  1  1  1  1  1  1  1  1  1  1  1  1  1  1  1  1  1  1  1  1  1  1  1  1  1  1  1  1  1  1  1  1  1  1  1  1  1  1  1  1  1  1  1  1  1  1  1  1  1  1  1  1  1  1  1  1  1  1 
1* 1  1  1  1  1  1  1  1  1  1  1  1  1  1  1  1  1  1  1  1  1  1  1  1  1  1  1  1  1  1  1  1  1  1  1  1  1  1  1  1  1  1  1  1  1  1  1  1  1  1  1  2  2  2  2  2  2  3  3 

cascade cost: 2

1  1  1  1  1  1  1  1  1  1  1  1  1  1  1  1  1  1  1  1  1  1  1  1  1  1  1  1  1  1  1  1  1  1  1  1  1  1* 1  1  1  1  1  1  1  1  1  1  1  1  1  1  1  1  1  1  1  1  1  1  1  1  1  1  1  1  1  1  1  1 
1  1  1  1  1  1  1  1  1  1  1  1  1  1  1  1  1  1  1  1  1  1  1  1  1  1  1  1  1  1  1  1  1  1  1  1  1  1  1  1  1  1  1  1  1  1  1  1* 1  1  2  2  2  2  2  2  2  3  3 

cascade cost: 2

1  1  1  1  1  1  1  1  1  1  1* 1  1  1  1  1  1  1  1  1  1  1  1  1  1  1  1  1  1  1  1  1  1  1  1  1  1  1  1  1  1  1  1  1  1  1  1  1  1  1  1  1  1  1  1  1  1  1  1  1  1  1  1  1  1  1  1  1  1  1 
1  1  1  1  1  1  1  1  1  1  1  1  1  1  1  1  1  1  1  1  1  1  1  1  1  1  1  1* 1  1  1  1  1  1  1  1  1  1  1  1  1  1  1  1  1  1  1  1  2  2  2  2  2  2  2  2  3  3 

cascade cost: 2

1  1  1  1  1  1  1  1  1  1  1  1  1  1  1  1  1  1  1  1  1  1  1  1  1  1  1  1  1  1  1  1  1  1  1  1  1  1  1  1  1  1  1  1  1  1  1* 1  1  1  1  1  1  1  1  1  1  1  1  1  1  1  1  1  1  1  1  1  1  1 
1  1  1  1  1  1  1  1  1  1  1  1  1  1  1  1  1  1  1  1  1  1  1  1  1  1  1  1  1  1  1  1  1* 1  1  1  1  1  1  1  1  1  1  1  1  1  2  2  2  2  2  2  2  2  2  3  3 

cascade cost: 2

1  1  1  1  1  1  1  1  1  1  1  1  1  1  1  1  1  1  1  1  1  1  1  1  1  1  1  1  1  1  1  1  1  1  1  1  1  1  1  1  1  1  1  1  1  1  1  1  1  1  1  1  1  1  1  1  1  1  1  1  1* 1  1  1  1  1  1  1  1  1 
1  1  1  1  1  1  1  1  1  1  1  1  1  1  1  1  1  1  1  1  1  1  1  1  1  1  1  1  1  1  1  1  1  1  1  1  1  1  1* 1  1  1  1  1  2  2  2  2  2  2  2  2  2  2  3  3 

cascade cost: 2

1  1  1  1  1  1  1  1  1  1  1  1  1  1  1  1  1  1  1  1  1* 1  1  1  1  1  1  1  1  1  1  1  1  1  1  1  1  1  1  1  1  1  1  1  1  1  1  1  1  1  1  1  1  1  1  1  1  1  1  1  1  1  1  1  1  1  1  1  1  1 
1  1  1  1* 1  1  1  1  1  1  1  1  1  1  1  1  1  1  1  1  1  1  1  1  1  1  1  1  1  1  1  1  1  1  1  1  1  1  1  1  1  1  2  2  2  2  2  2  2  2  2  2  2  3  3 

cascade cost: 2

1  1  1  1  1  1  1  1  1  1  1  1  1  1  1  1  1  1  1  1  1  1  1  1  1  1  1  1  1  1  1  1  1  1  1  1* 1  1  1  1  1  1  1  1  1  1  1  1  1  1  1  1  1  1  1  1  1  1  1  1  1  1  1  1  1  1  1  1  1  1 
1  1  1  1  1  1  1  1  1  1  1  1  1  1  1  1  1  1  1  1  1  1  1  1  1  1  1  1  1  1  1  1  1  1  1  1  1  1  1  1* 2  2  2  2  2  2  2  2  2  2  2  2  3  3 

cascade cost: 2

1  1  1  1  1  1  1  1  1  1  1  1  1  1  1  1  1  1  1  1  1  1  1  1  1* 1  1  1  1  1  1  1  1  1  1  1  1  1  1  1  1  1  1  1  1  1  1  1  1  1  1  1  1  1  1  1  1  1  1  1  1  1  1  1  1  1  1  1  2 
1  1  1  1  1  1  1  1  1  1  1  1  1  1  1  1  1  1  1  1  1  1  1  1  1  1  1  1  1  1  1  1  1  1  1  1  1  1  1  1  2  2  2  2  2  2  2  2  2  2  2  2  3  3*

cascade cost: 2

1  1  1  1  1  1  1  1  1  1  1  1  1  1  1  1  1* 1  1  1  1  1  1  1  1  1  1  1  1  1  1  1  1  1  1  1  1  1  1  1  1  1  1  1  1  1  1  1  1  1  1  1  1  1  1  1  1  1  1  1  1  1  1  1  1  1  1  1  2 
1  1  1  1  1  1  1  1  1  1  1  1  1  1  1  1  1  1  1  1  1  1  1  1  1  1  1  1* 1  1  1  1  1  1  1  1  1  1  1  2  2  2  2  2  2  2  2  2  2  2  2  3  4 

cascade cost: 2

1  1  1  1  1  1  1  1  1  1  1  1  1  1  1  1  1  1  1  1  1  1  1  1* 1  1  1  1  1  1  1  1  1  1  1  1  1  1  1  1  1  1  1  1  1  1  1  1  1  1  1  1  1  1  1  1  1  1  1  1  1  1  1  1  1  1  1  1  2 
1  1  1  1  1  1  1  1  1  1  1  1  1  1  1  1  1  1  1  1  1  1  1  1  1* 1  1  1  1  1  1  1  1  1  1  1  1  2  2  2  2  2  2  2  2  2  2  2  2  2  3  4 

cascade cost: 2

1  1  1  1  1  1  1  1  1  1  1* 1  1  1  1  1  1  1  1  1  1  1  1  1  1  1  1  1  1  1  1  1  1  1  1  1  1  1  1  1  1  1  1  1  1  1  1  1  1  1  1  1  1  1  1  1  1  1  1  1  1  1  1  1  1  1  1  1  2 
1  1  1  1  1  1  1  1  1  1  1  1  1  1  1  1  1  1  1  1  1  1  1  1  1* 1  1  1  1  1  1  1  1  1  1  2  2  2  2  2  2  2  2  2  2  2  2  2  2  3  4 

cascade cost: 2

1  1  1  1  1  1  1  1  1  1  1  1  1  1  1  1  1  1  1  1  1  1  1  1  1  1  1  1  1* 1  1  1  1  1  1  1  1  1  1  1  1  1  1  1  1  1  1  1  1  1  1  1  1  1  1  1  1  1  1  1  1  1  1  1  1  1  1  1  2 
1  1  1  1  1  1  1  1  1  1  1  1  1  1  1  1  1  1  1  1* 1  1  1  1  1  1  1  1  1  1  1  1  1  2  2  2  2  2  2  2  2  2  2  2  2  2  2  2  3  4 

cascade cost: 2

1  1  1  1  1  1  1  1  1  1  1  1  1  1  1  1  1  1  1  1  1  1  1  1  1  1  1  1  1  1  1  1  1  1  1  1  1  1  1  1  1  1  1  1  1  1  1  1  1  1  1  1  1* 1  1  1  1  1  1  1  1  1  1  1  1  1  1  1  2 
1  1  1* 1  1  1  1  1  1  1  1  1  1  1  1  1  1  1  1  1  1  1  1  1  1  1  1  1  1  1  1  2  2  2  2  2  2  2  2  2  2  2  2  2  2  2  2  3  4 

cascade cost: 2

1  1  1  1  1  1  1  1  1  1  1  1  1  1  1  1  1  1  1  1  1  1  1  1  1  1  1  1  1  1  1  1  1  1* 1  1  1  1  1  1  1  1  1  1  1  1  1  1  1  1  1  1  1  1  1  1  1  1  1  1  1  1  1  1  1  1  1  1  2 
1  1  1  1  1  1  1  1  1  1  1  1  1* 1  1  1  1  1  1  1  1  1  1  1  1  1  1  1  1  2  2  2  2  2  2  2  2  2  2  2  2  2  2  2  2  2  3  4 

cascade cost: 2

1  1  1  1  1  1  1  1  1  1* 1  1  1  1  1  1  1  1  1  1  1  1  1  1  1  1  1  1  1  1  1  1  1  1  1  1  1  1  1  1  1  1  1  1  1  1  1  1  1  1  1  1  1  1  1  1  1  1  1  1  1  1  1  1  1  1  1  1  2 
1  1  1  1* 1  1  1  1  1  1  1  1  1  1  1  1  1  1  1  1  1  1  1  1  1  1  1  2  2  2  2  2  2  2  2  2  2  2  2  2  2  2  2  2  2  3  4 

cascade cost: 2

1  1  1  1  1  1  1  1  1  1  1  1  1  1  1  1  1  1  1  1  1  1  1  1  1  1  1  1  1  1  1  1  1  1  1  1  1  1  1  1  1* 1  1  1  1  1  1  1  1  1  1  1  1  1  1  1  1  1  1  1  1  1  1  1  1  1  1  1  2 
1  1  1  1  1  1  1  1  1  1  1  1  1  1  1  1  1  1  1  1  1  1  1* 1  1  2  2  2  2  2  2  2  2  2  2  2  2  2  2  2  2  2  2  2  3  4 

cascade cost: 2

1  1  1  1  1  1  1  1  1  1  1  1  1  1  1  1  1  1* 1  1  1  1  1  1  1  1  1  1  1  1  1  1  1  1  1  1  1  1  1  1  1  1  1  1  1  1  1  1  1  1  1  1  1  1  1  1  1  1  1  1  1  1  1  1  1  1  1  1  2 
1  1  1  1  1  1  1  1  1  1  1  1  1  1  1  1  1  1  1  1  1  1  1  2  2  2  2  2  2  2  2  2  2  2  2  2  2  2  2  2  2  2  2  3* 4 

cascade cost: 2

1  1  1  1  1  1  1  1  1  1  1  1  1  1  1  1  1  1  1  1  1  1  1* 1  1  1  1  1  1  1  1  1  1  1  1  1  1  1  1  1  1  1  1  1  1  1  1  1  1  1  1  1  1  1  1  1  1  1  1  1  1  1  1  1  1  1  1  1  2 
1  1  1  1  1  1  1  1  1  1  1  1  1  1  1  1  1  1  1  1  1  1  2  2  2  2  2  2  2  2  2  2  2  2  2  2  2  2  2  2  2  2  4* 4 

cascade cost: 2

1  1  1  1  1  1  1  1  1  1  1  1  1  1  1  1  1  1  1  1  1  1  1  1  1  1  1* 1  1  1  1  1  1  1  1  1  1  1  1  1  1  1  1  1  1  1  1  1  1  1  1  1  1  1  1  1  1  1  1  1  1  1  1  1  1  1  1  1  2 
1  1  1  1  1  1  1  1  1  1  1  1  1  1  1  1  1  1  1  1  1  2  2  2  2  2  2  2  2  2  2* 2  2  2  2  2  2  2  2  2  2  4  5 

cascade cost: 2

1  1  1  1  1  1  1  1  1  1  1  1  1  1  1* 1  1  1  1  1  1  1  1  1  1  1  1  1  1  1  1  1  1  1  1  1  1  1  1  1  1  1  1  1  1  1  1  1  1  1  1  1  1  1  1  1  1  1  1  1  1  1  1  1  1  1  1  1  2 
1  1* 1  1  1  1  1  1  1  1  1  1  1  1  1  1  1  1  1  1  2  2  2  2  2  2  2  2  2  2  2  2  2  2  2  2  2  2  2  3  4  5 

cascade cost: 2

1  1  1  1  1  1  1  1  1  1  1  1  1  1  1  1  1  1  1  1  1  1  1  1  1  1  1  1  1  1  1  1  1* 1  1  1  1  1  1  1  1  1  1  1  1  1  1  1  1  1  1  1  1  1  1  1  1  1  1  1  1  1  1  1  1  1  2  2 
1  1  1  1  1  1  1  1  1  1  1  1  1  1  1  1  1  1  1  1  2  2  2  2  2  2  2  2  2  2  2  2  2* 2  2  2  2  2  2  3  4  5 

cascade cost: 2

1  1  1  1  1* 1  1  1  1  1  1  1  1  1  1  1  1  1  1  1  1  1  1  1  1  1  1  1  1  1  1  1  1  1  1  1  1  1  1  1  1  1  1  1  1  1  1  1  1  1  1  1  1  1  1  1  1  1  1  1  1  1  1  1  1  1  2  2 
1  1  1  1  1  1  1  1  1  1  1  1  1  1  1  1  1  1  1* 2  2  2  2  2  2  2  2  2  2  2  2  2  2  2  2  2  2  3  3  4  5 

cascade cost: 2

1  1  1  1  1  1  1  1  1  1  1  1  1  1  1  1  1* 1  1  1  1  1  1  1  1  1  1  1  1  1  1  1  1  1  1  1  1  1  1  1  1  1  1  1  1  1  1  1  1  1  1  1  1  1  1  1  1  1  1  1  1  1  1  1  1  1  2  2 
1  1  1  1  1  1  1  1  1  1  1  1  1  1* 1  1  1  2  2  2  2  2  2  2  2  2  2  2  2  2  2  2  2  2  2  2  3  3  4  5 

cascade cost: 2

1  1  1  1  1  1  1  1  1  1  1  1  1  1  1  1  1  1  1  1  1  1  1  1  1  1  1  1  1  1  1  1  1  1  1  1  1* 1  1  1  1  1  1  1  1  1  1  1  1  1  1  1  1  1  1  1  1  1  1  1  1  1  1  1  1  1  2  2 
1  1  1  1  1  1  1  1  1* 1  1  1  1  1  1  2  2  2  2  2  2  2  2  2  2  2  2  2  2  2  2  2  2  2  2  3  3  4  5 

cascade cost: 2

1  1  1* 1  1  1  1  1  1  1  1  1  1  1  1  1  1  1  1  1  1  1  1  1  1  1  1  1  1  1  1  1  1  1  1  1  1  1  1  1  1  1  1  1  1  1  1  1  1  1  1  1  1  1  1  1  1  1  1  1  1  1  1  1  1  1  2  2 
1  1  1  1  1  1  1  1  1  1  1  1  1  2  2* 2  2  2  2  2  2  2  2  2  2  2  2  2  2  2  2  2  2  2  3  3  4  5 

cascade cost: 2

1  1  1  1  1  1  1  1  1  1  1  1  1  1  1  1  1  1  1  1  1  1  1  1  1  1  1  1  1  1  1  1  1  1  1  1  1  1  1  1  1  1  1  1  1  1  1  1  1  1  1  1  1  1  1  1  1  1  1  1  1  1* 1  1  1  1  2  2 
1  1  1  1  1  1  1  1  1  1  1* 1  2  2  2  2  2  2  2  2  2  2  2  2  2  2  2  2  2  2  2  2  3  3  3  4  5 

cascade cost: 2

1  1  1  1  1  1  1* 1  1  1  1  1  1  1  1  1  1  1  1  1  1  1  1  1  1  1  1  1  1  1  1  1  1  1  1  1  1  1  1  1  1  1  1  1  1  1  1  1  1  1  1  1  1  1  1  1  1  1  1  1  1  1  1  1  1  1  2  2 
1  1  1  1  1  1  1  1  1  1  2  2  2  2  2* 2  2  2  2  2  2  2  2  2  2  2  2  2  2  2  2  3  3  3  4  5 

cascade cost: 2

1  1  1  1  1  1  1  1  1  1  1  1  1  1  1  1  1  1  1  1  1  1  1  1  1  1  1  1  1  1  1* 1  1  1  1  1  1  1  1  1  1  1  1  1  1  1  1  1  1  1  1  1  1  1  1  1  1  1  1  1  1  1  1  1  1  1  2  2 
1  1  1  1  1  1  1  1  1  2* 2  2  2  2  2  2  2  2  2  2  2  2  2  2  2  2  2  2  2  3  3  3  3  4  5 

cascade cost: 2

1  1  1  1  1  1  1  1  1  1  1  1  1  1  1  1  1  1  1  1  1  1  1  1  1  1  1  1  1  1  1  1  1  1  1  1  1  1  1  1  1  1  1* 1  1  1  1  1  1  1  1  1  1  1  1  1  1  1  1  1  1  1  1  1  1  1  2  2 
1* 1  1  1  1  1  1  1  2  2  2  2  2  2  2  2  2  2  2  2  2  2  2  2  2  2  2  3  3  3  3  3  4  5 

cascade cost: 2

1  1  1  1  1  1  1  1  1  1  1  1  1  1  1  1  1  1  1  1  1  1  1  1  1  1  1  1* 1  1  1  1  1  1  1  1  1  1  1  1  1  1  1  1  1  1  1  1  1  1  1  1  1  1  1  1  1  1  1  1  1  1  1  1  1  1  2  2 
1  1  1* 1  1  1  2  2  2  2  2  2  2  2  2  2  2  2  2  2  2  2  2  2  2  2  3  3  3  3  3  4  5 

cascade cost: 2

1  1  1  1  1  1  1  1  1* 1  1  1  1  1  1  1  1  1  1  1  1  1  1  1  1  1  1  1  1  1  1  1  1  1  1  1  1  1  1  1  1  1  1  1  1  1  1  1  1  1  1  1  1  1  1  1  1  1  1  1  1  1  1  1  1  1  2  2 
1  1  1  1  2  2  2  2  2  2  2  2  2  2  2  2  2  2  2  2  2  2  2  2  2  3  3  3  3  3  4* 5 

cascade cost: 2

1  1  1  1  1  1  1  1  1  1  1  1  1  1  1  1  1  1  1  1  1  1  1  1  1  1  1  1  1  1  1  1  1  1  1  1  1  1  1  1  1  1  1  1  1* 1  1  1  1  1  1  1  1  1  1  1  1  1  1  1  1  1  1  1  1  1  2  2 
1  1  1  2  2  2  2  2  2  2  2  2  2  2  2  2* 2  2  2  2  2  2  2  2  3  3  3  3  3  5  5 

cascade cost: 2

1  1  1  1  1  1  1  1  1  1  1  1  1  1  1  1  1  1  1  1  1  1  1  1  1  1  1  1  1  1  1  1  1  1  1  1  1  1  1  1  1  1  1  1  1  1  1* 1  1  1  1  1  1  1  1  1  1  1  1  1  1  1  1  1  1  1  2  2 
1  1  2  2  2  2  2  2  2  2  2  2  2  2  2  2  2  2  2  2  2  2  3  3  3  3  3  3* 5  5 

cascade cost: 2

1  1  1  1  1  1  1  1  1  1  1  1  1  1  1  1  1  1  1  1  1  1  1  1  1  1  1  1  1  1  1  1  1  1  1  1  1  1  1  1  1  1  1  1  1  1  1  1  1  1  1  1  1  1  1  1  1  1* 1  1  1  1  1  1  1  1  2  2 
1  2  2  2  2  2  2  2  2  2  2  2  2  2  2  2  2  2  2  2  2* 3  3  3  3  3  4  5  5 

cascade cost: 2

1  1  1  1  1  1  1  1  1  1  1  1  1  1  1  1  1  1  1  1  1  1  1  1  1  1  1  1  1  1  1  1  1  1  1  1  1  1* 1  1  1  1  1  1  1  1  1  1  1  1  1  1  1  1  1  1  1  1  1  1  1  1  1  1  1  1  2  2 
2  2  2  2  2  2  2  2  2  2  2  2  2  2  2  2  2  2  2  3* 3  3  3  3  3  4  5  5 

cascade cost: 4

1  1  1  1  1  1  1  1  1  1  1  1  1  1  1  1  1  1  1  1  1  1  1  1  1  1  1  1  1  1  1  1  1  1  1  1  1  1  1  1  1  1  1  1  1  1  1  1  1  1  1  1  1  1  1  1  1  1* 1  1  1  1  1  1  2  2  2 
1  2  2  2  2  2  2  2  2  2  2* 2  2  2  2  2  2  2  2  3  3  3  3  3  4  4  5  5 

cascade cost: 2

1  1  1  1  1  1  1  1  1  1  1  1  1  1  1  1  1  1  1  1  1  1  1  1  1  1  1  1  1  1  1  1  1  1  1  1  1  1  1  1  1  1  1  1  1  1  1  1  1  1  1  1  1  1  1  1  1  1  1  1  1* 1  1  1  2  2  2 
2  2  2  2* 2  2  2  2  2  2  2  2  2  2  2  2  2  3  3  3  3  3  3  4  4  5  5 

cascade cost: 4

1  1  1  1  1  1  1  1  1  1* 1  1  1  1  1  1  1  1  1  1  1  1  1  1  1  1  1  1  1  1  1  1  1  1  1  1  1  1  1  1  1  1  1  1  1  1  1  1  1  1  1  1  1  1  1  1  1  1  1  1  1  1  2  2  2  2 
1* 2  2  2  2  2  2  2  2  2  2  2  2  2  2  2  3  3  3  3  3  3  3  4  4  5  5 

cascade cost: 2

1  1* 1  1  1  1  1  1  1  1  1  1  1  1  1  1  1  1  1  1  1  1  1  1  1  1  1  1  1  1  1  1  1  1  1  1  1  1  1  1  1  1  1  1  1  1  1  1  1  1  1  1  1  1  1  1  1  1  1  1  2  2  2  2  2 
1  2  2  2  2  2  2* 2  2  2  2  2  2  2  2  2  3  3  3  3  3  3  3  4  4  5  5 

cascade cost: 2

1  1  1  1  1  1  1  1  1  1  1  1  1  1  1  1  1  1  1  1  1  1  1  1  1  1  1  1  1  1  1  1  1  1  1  1  1  1  1  1  1  1  1  1  1  1  1  1  1  1  1  1  1  1  1  1  1  1  1  1  2  2  2  2  2*
2  2  2  2  2  2  2  2* 2  2  2  2  2  2  3  3  3  3  3  3  3  3  4  4  5  5 

cascade cost: 4

1  1  1  1  1  1  1  1  1  1  1  1  1  1  1  1  1  1  1  1  1  1  1  1  1  1  1  1  1  1  1  1  1  1  1  1  1  1  1  1  1  1  1  1  1  1  1  1  1  1  1  1* 1  1  1  1  1  1  2  2  2  2  4 
1  1  2  2  2  2  2  2  2  2  2  2  2  2  2  3  3  3  3  3* 3  3  3  4  4  5  5 

cascade cost: 2

1  1  1  1  1  1  1  1  1  1  1  1  1  1  1  1  1  1  1  1* 1  1  1  1  1  1  1  1  1  1  1  1  1  1  1  1  1  1  1  1  1  1  1  1  1  1  1  1  1  1  1  1  1  1  1  1  1  1  2  2  2  2  4 
1  2  2  2  2  2  2  2  2  2  2  2  2  2* 3  3  3  3  3  3  3  4  4  4  5  5 

cascade cost: 2

1  1  1  1  1  1* 1  1  1  1  1  1  1  1  1  1  1  1  1  1  1  1  1  1  1  1  1  1  1  1  1  1  1  1  1  1  1  1  1  1  1  1  1  1  1  1  1  1  1  1  1  1  1  1  1  1  1  1  2  2  2  2  4 
2  2  2  2* 2  2  2  2  2  2  2  2  3  3  3  3  3  3  3  3  4  4  4  5  5 

cascade cost: 4

1  1* 1  1  1  1  1  1  1  1  1  1  1  1  1  1  1  1  1  1  1  1  1  1  1  1  1  1  1  1  1  1  1  1  1  1  1  1  1  1  1  1  1  1  1  1  1  1  1  1  1  1  1  1  1  1  2  2  2  2  2  4 
1  2  2* 2  2  2  2  2  2  2  2  3  3  3  3  3  3  3  3  3  4  4  4  5  5 

cascade cost: 2

1  1  1  1  1  1  1  1  1  1  1  1  1  1  1  1  1  1  1  1  1  1  1  1  1  1  1  1  1  1  1  1  1  1* 1  1  1  1  1  1  1  1  1  1  1  1  1  1  1  1  1  1  1  1  1  1  2  2  2  2  2  4 
2  2  2  2  2  2  2* 2  2  3  3  3  3  3  3  3  3  3  3  4  4  4  5  5 

cascade cost: 4

1  1  1  1  1  1  1  1  1  1  1  1  1  1  1  1  1  1  1  1  1  1  1  1  1  1  1  1  1  1  1  1  1  1  1* 1  1  1  1  1  1  1  1  1  1  1  1  1  1  1  1  1  1  1  2  2  2  2  2  2  4 
1  2  2* 2  2  2  2  2  3  3  3  3  3  3  3  3  3  3  3  4  4  4  5  5 

cascade cost: 2

1  1  1  1  1  1  1  1  1  1  1  1  1  1  1  1  1  1  1  1  1  1  1  1  1  1  1  1* 1  1  1  1  1  1  1  1  1  1  1  1  1  1  1  1  1  1  1  1  1  1  1  1  1  1  2  2  2  2  2  2  4 
2  2  2  2  2  2  3  3  3  3  3  3* 3  3  3  3  3  3  4  4  4  5  5 

cascade cost: 4

1  1  1  1  1  1  1  1  1  1  1  1  1  1  1  1  1  1  1  1  1  1  1  1  1  1  1  1  1  1  1  1  1  1  1  1  1  1  1  1  1  1  1  1  1  1  1  1  1* 1  1  1  2  2  2  2  2  2  2  4 
1  2  2  2  2  2  3  3* 3  3  3  3  3  3  3  3  3  4  4  4  4  5  5 

cascade cost: 2

1  1  1  1  1  1  1  1  1  1  1  1  1  1  1  1  1  1  1  1  1  1  1  1  1  1  1  1  1  1  1  1  1  1  1  1  1* 1  1  1  1  1  1  1  1  1  1  1  1  1  1  1  2  2  2  2  2  2  2  4 
2  2  2  2  2  3  3  3  3  3  3  3  3  3  3  4  4  4* 4  4  5  5 

cascade cost: 4

1  1  1  1  1  1  1  1  1  1  1  1  1  1  1  1  1  1  1  1  1  1  1  1  1  1  1  1  1* 1  1  1  1  1  1  1  1  1  1  1  1  1  1  1  1  1  1  1  1  1  2  2  2  2  2  2  2  2  4 
1* 2  2  2  2  3  3  3  3  3  3  3  3  3  3  4  4  4  4  5  5  5 

cascade cost: 2

1  1  1  1  1  1  1  1  1  1  1  1  1  1  1  1  1  1  1  1  1  1  1  1  1  1  1  1  1  1  1  1  1  1  1  1  1  1  1  1* 1  1  1  1  1  1  1  1  2  2  2  2  2  2  2  2  2  4 
1  2  2  2  2  3  3  3  3  3  3  3  3  3* 3  4  4  4  4  5  5  5 

cascade cost: 2

1  1  1  1  1  1  1  1  1  1* 1  1  1  1  1  1  1  1  1  1  1  1  1  1  1  1  1  1  1  1  1  1  1  1  1  1  1  1  1  1  1  1  1  1  1  1  1  1  2  2  2  2  2  2  2  2  2  4 
2  2  2  2  3  3  3  3  3* 3  3  3  3  4  4  4  4  4  5  5  5 

cascade cost: 4

1  1  1  1  1  1  1* 1  1  1  1  1  1  1  1  1  1  1  1  1  1  1  1  1  1  1  1  1  1  1  1  1  1  1  1  1  1  1  1  1  1  1  1  1  1  1  2  2  2  2  2  2  2  2  2  2  4 
1  2  2  2  3  3  3  3  3  3  3  3  4  4  4  4  4  4  5  5* 5 

cascade cost: 2

1  1  1  1  1  1  1  1  1  1  1  1  1  1  1  1  1  1* 1  1  1  1  1  1  1  1  1  1  1  1  1  1  1  1  1  1  1  1  1  1  1  1  1  1  1  1  2  2  2  2  2  2  2  2  2  2  4 
2  2  2  3  3  3  3  3  3  3  3  4  4  4* 4  4  4  5  5  6 

cascade cost: 4

1  1  1  1  1  1  1  1  1  1  1  1  1  1  1  1  1  1  1  1  1  1  1  1  1  1  1  1  1  1  1* 1  1  1  1  1  1  1  1  1  1  1  1  1  2  2  2  2  2  2  2  2  2  2  2  4 
1  2  2  3  3  3  3  3  3  3  3  4  4  4  4  4  5* 5  5  6 

cascade cost: 2

1  1  1  1  1  1  1  1  1  1  1  1  1  1  1  1  1  1  1  1  1  1  1  1  1  1  1  1  1  1  1  1  1  1  1  1  1  1  1  1  1  1  1  1* 2  2  2  2  2  2  2  2  2  2  2  4 
2* 2  3  3  3  3  3  3  3  3  4  4  4  4  4  5  5  6  6 

cascade cost: 4

1  1  1  1  1  1  1  1  1  1  1  1  1  1  1  1  1  1  1  1  1* 1  1  1  1  1  1  1  1  1  1  1  1  1  1  1  1  1  1  1  1  2  2  2  2  2  2  2  2  2  2  2  3  4 
1  1  2  3  3  3  3  3  3  3  3  4  4  4  4  4  5  5* 6  6 

cascade cost: 2

1  1  1  1* 1  1  1  1  1  1  1  1  1  1  1  1  1  1  1  1  1  1  1  1  1  1  1  1  1  1  1  1  1  1  1  1  1  1  1  1  1  2  2  2  2  2  2  2  2  2  2  2  3  4 
1  2  3  3  3  3  3  3  3  3  4  4  4  4  4  5* 6  6  6 

cascade cost: 2

1  1  1  1  1  1  1  1  1  1  1  1  1  1* 1  1  1  1  1  1  1  1  1  1  1  1  1  1  1  1  1  1  1  1  1  1  1  1  1  1  1  2  2  2  2  2  2  2  2  2  2  2  3  4 
2  3  3  3  3  3* 3  3  3  4  4  4  4  4  6  6  6  6 

cascade cost: 4

1  1  1  1  1  1  1  1  1  1  1  1  1  1  1  1  1  1  1  1  1  1  1  1  1  1  1  1  1  1  1  1  1  1  1  1  1  1  1  2  2  2  2  2  2  2  2  2* 2  2  2  3  4 
1  3  3  3  3  3  3  3  4  4  4* 4  4  4  6  6  6  6 

cascade cost: 6

1  1  1  1  1  1  1  1  1  1  1* 1  1  1  1  1  1  1  1  1  1  1  1  1  1  1  1  1  1  1  1  1  1  1  1  1  1  1  2  2  2  2  2  2  2  2  2  2  2  3  3  4 
1  1  3  3  3  3  3  3  4  4  4  4  4* 6  6  6  6  6 

cascade cost: 2

1  1  1  1  1  1  1  1  1  1  1  1  1  1  1  1  1  1  1  1  1* 1  1  1  1  1  1  1  1  1  1  1  1  1  1  1  1  1  2  2  2  2  2  2  2  2  2  2  2  3  3  4 
1* 3  3  3  3  3  3  4  4  4  4  5  6  6  6  6  6 

cascade cost: 2

1  1  1  1  1* 1  1  1  1  1  1  1  1  1  1  1  1  1  1  1  1  1  1  1  1  1  1  1  1  1  1  1  1  1  1  1  2  2  2  2  2  2  2  2  2  2  2  2  3  3  4 
1  3  3  3  3  3  3* 4  4  4  4  5  6  6  6  6  6 

cascade cost: 2

1  1  1  1  1  1  1  1  1  1  1  1  1  1  1  1  1  1* 1  1  1  1  1  1  1  1  1  1  1  1  1  1  1  1  1  1  2  2  2  2  2  2  2  2  2  2  2  2  3  3  4 
3  3  3* 3  3  4  4  4  4  4  5  6  6  6  6  6 

cascade cost: 6

1  1  1  1  1  1  1  1  1  1  1  1  1  1  1  1  1  1  1  1  1  1  1  1  1  1  1  1* 1  1  1  1  1  2  2  2  2  2  2  2  2  2  2  2  2  3  3  3  4 
1  1  3  3  3  4  4  4  4  4  4  5  6  6  6  6* 6 

cascade cost: 2

1  1  1  1  1  1  1  1  1  1  1  1  1  1  1  1  1  1  1  1  1  1  1  1  1  1* 1  1  1  1  1  1  1  2  2  2  2  2  2  2  2  2  2  2  2  3  3  3  4 
1  3  3  3  4  4* 4  4  4  4  5  6  6  6  6  7 

cascade cost: 2

1  1  1  1  1  1  1  1  1  1  1  1  1  1  1  1  1  1  1  1  1  1  1  1* 1  1  1  1  1  1  1  1  1  2  2  2  2  2  2  2  2  2  2  2  2  3  3  3  4 
3  3  3* 4  4  4  4  4  5  5  6  6  6  6  7 

cascade cost: 6

1  1  1  1  1  1  1  1  1  1  1  1  1  1  1  1  1  1  1  1  1  1  1  1  1  1  1  1  1  2  2  2  2  2  2  2  2  2  2  2  2* 3  3  3  4  4 
1  1  1  3  3  4  4  4  4  4  5  5  6  6* 6  6  7 

cascade cost: 4

1  1  1  1  1  1  1  1  1  1  1  1  1  1  1  1  1  1  1* 1  1  1  1  1  1  1  1  1  1  1  1  2  2  2  2  2  2  2  2  2  2  2  3  3  3  4  4 
1  3  3  4* 4  4  4  4  5  5  6  6  6  7  8 

cascade cost: 2

1  1  1  1  1  1  1  1  1  1  1  1  1  1  1  1  1  1  1  1  1  1  1  1* 1  1  1  1  1  1  1  2  2  2  2  2  2  2  2  2  2  2  3  3  3  4  4 
3  3  4  4  4  4  5  5  5  6  6  6  7  8*

cascade cost: 6

1  1  1  1  1  1* 1  1  1  1  1  1  1  1  1  1  1  1  1  1  1  1  1  1  1  1  1  1  2  2  2  2  2  2  2  2  2  2  2  3  3  3  3  4  4 
1  1  3  4  4  4  4* 5  5  5  6  6  6  7  9 

cascade cost: 2

1  1  1  1  1  1  1  1  1  1  1  1  1  1  1  1  1  1  1  1  1  1  1  1  1  1  1  1  2  2  2  2  2  2  2  2  2  2  2  3  3  3  3  4* 4 
1  3  4  4  4  5  5  5  5  6  6  6* 7  9 

cascade cost: 8

1  1  1  1  1  1  1  1  1  1  1  1  1  1  1  1  1  1  1  1  1  1  1  1  1  1  1  1  2  2  2  2  2  2  2* 2  2  2  2  3  3  3  3  4  4 
1  3  4  4  5  5  5  5  6  6  7  9  10*

cascade cost: 6

1  1  1  1  1  1  1  1  1  1  1  1  1  1  1  1  1  1  1  1  1  1  1  1  1  1  1  2  2  2* 2  2  2  2  2  2  2  3  3  3  3  3  4  4 
1  1  4  4* 5  5  5  5  6  6  7  9  12 

cascade cost: 4

1  1  1  1  1  1  1  1  1  1  1  1  1* 1  1  1  1  1  1  1  1  1  1  1  1  1  1  1  1  2  2  2  2  2  2  2  2  2  3  3  3  3  3  4  4 
4  5  5  5  5  6  6* 6  7  9  12 

cascade cost: 8

1  1  1  1  1  1  1  1  1  1  1  1  1  1  1  1  1  1* 1  1  1  1  1  1  1  2  2  2  2  2  2  2  2  2  3  3  3  3  3  4  4  4 
1  1  1* 5  5  5  5  6  6  7  7  9  12 

cascade cost: 2

1  1  1  1  1  1  1  1  1  1  1  1  1  1  1  1  1  1  1  1  1  1  1  1  1  2  2  2  2  2  2  2  2  2  3  3  3  3* 3  4  4  4 
1  2  5  5  5  5  6* 6  7  7  9  12 

cascade cost: 6

1  1  1  1  1  1  1  1  1  1  1  1  1  1  1  1* 1  1  1  1  1  1  1  1  1  1  2  2  2  2  2  2  2  2  2  2  3  3  3  3  4  4  4 
5  5  5  5  6* 7  7  9  9  12 

cascade cost: 10

1  1  1  1  1  1  1  1  1  1  1  1  1  1  1  1  1  1  1  1  1  2  2  2  2  2  2  2  2  2  2* 3  3  3  3  4  4  4  5 
1  1  1  1  5  5  5  7  7* 7  9  9  12 

cascade cost: 4

1  1  1  1  1  1* 1  1  1  1  1  1  1  1  1  1  1  1  1  1  1  1  1  2  2  2  2  2  2  2  2  2  3  3  3  3  4  4  4  5 
1  1  5  5  5  7* 7  9  9  9  12 

cascade cost: 2

1  1  1  1  1  1  1  1  1  1  1  1  1  1  1  1  1  1  1  1  1  1  1  2  2  2  2  2  2  2  2  2* 3  3  3  3  4  4  4  5 
1  5  5  5  7  8  9  9  9* 12 

cascade cost: 10

1  1  1  1  1  1  1  1  1  1  1  1  1  1  1  1  1  1  1  1  1  1  1  2  2  2  2  2  2  2  2  3  3  3  4  4  4  5  5*
1  3  5* 5  7  8  9  9  11  12 

cascade cost: 10

1  1  1  1  1  1  1  1  1  1  1  1  1  1  1  1* 1  1  1  1  1  1  1  2  2  2  2  2  2  2  3  3  4  4  4  5  10 
1  2  3  3  5* 7  8  9  9  11  12 

cascade cost: 2

1  1  1  1  1  1  1  1  1  1  1  1  1* 1  1  1  1  1  1  1  1  1  1  2  2  2  2  2  2  2  3  3  4  4  4  5  10 
2  3  3  6  7  8  9* 9  11  12 

cascade cost: 4

1  1  1  1  1  1  1* 1  1  1  1  1  1  1  1  1  1  1  1  1  1  2  2  2  2  2  2  2  2  3  3  4  4  4  5  10 
1  3* 3  6  7  8  9  10  11  12 

cascade cost: 2

1  1  1  1  1  1  1  1* 1  1  1  1  1  1  1  1  1  1  1  1  1  2  2  2  2  2  2  2  2  3  3  4  4  4  5  10 
3  4* 6  7  8  9  10  11  12 

cascade cost: 6

1  1  1  1* 1  1  1  1  1  1  1  1  1  1  1  1  1  1  1  1  2  2  2  2  2  2  2  3  3  3  4  4  4  5  10 
2  5* 6  7  8  9  10  11  12 

cascade cost: 4

1  1  1  1  1  1  1  1  1  1  1  1  1  1  1  1  1  1  2  2  2  2  2  2  2  2  3  3* 3  4  4  4  5  10 
1  6  6  7  8* 9  10  11  12 

cascade cost: 12

1  1  1  1  1  1  1  1  1  1  1  1  1  1  1  1  1  1  2* 2  2  2  2  2  2  2  3  4  4  4  5  6  10 
1  3* 6  7  9  10  11  11  12 

cascade cost: 6

1  1  1  1  1  1  1  1  1  1  1  1  1  1  1* 1  1  2  2  2  2  2  2  3  4  4  4  5  5  6  10 
1  1  2* 6  7  9  10  11  11  12 

cascade cost: 2

1  1  1  1  1  1  1* 1  1  1  1  1  1  1  1  1  1  2  2  2  2  2  2  3  4  4  4  5  5  6  10 
1  3  6  7  9  10  11  11  12*

cascade cost: 2

1  1  1  1  1  1  1  1  1  1  1  1  1  1  1  1  1  2  2  2  2  2  2  3  4* 4  4  5  5  6  10 
3  6  7  9  10  11* 11  13 

cascade cost: 12

1  1  1  1  1  1  1  1  1  1  1  1  1  1  1  1  1  2  2  2  2  2  3  4  4  5  5  6  6  10*
2  3  7  9  10  11  13* 15 

cascade cost: 20

1  1  1  1  1  1  1  1  1  1  1  1  1  1  1  1  1  2  2  2  2  2  3  3  4* 4  5  5  6  6  7 
2  9  10* 11  15  23 

cascade cost: 18

1  1  1  1  1  1  1  1* 1  1  1  1  1  1  1  1  1  2  2  2  2  2  3  3  4  5  6  6  7  9 
2  5  11  14  15  23*

cascade cost: 4

1  1  1  1* 1  1  1  1  1  1  1  1  1  1  1  2  2  2  2  2  2  3  3  4  5  6  6  7  9 
1* 5  11  14  15  24 

cascade cost: 2

1  1  1  1  1  1  1  1  1  1  1  1* 1  2  2  2  2  2  2  2  3  3  4  5  6  6  7  9 
1  5  11  14  15  24*

cascade cost: 2

1  1  1  1* 1  1  1  1  1  1  1  1  1  2  2  2  2  2  2  2  3  3  4  5  6  6  7  9 
5  11  14* 15  25 

cascade cost: 10

1  1  1  1  1  1  1  1* 1  1  1  1  2  2  2  2  2  2  2  3  3  5  5  6  6  7  9 
4* 11  15  15  25 

cascade cost: 8

1  1  1* 1  1  1  1  2  2  2  2  2  2  2  3  3  5  5  5  6  6  7  9 
1  1  1* 1  11  15  15  25 

cascade cost: 2

1  1  1  1  1  1  1  2  2  2  2  2  2  2  3  3  5  5  5  6  6  7* 9 
1  1  2* 11  15  15  25 

cascade cost: 4

1  1* 1  1  1  1  1  2  2  2  2  2  2  3  3  5  5  5  6  6  9  9 
1  1  2* 11  15  15  25 

cascade cost: 2

1  1  1  1  1  1  1  2  2  2  2  2  2  3* 3  5  5  5  6  6  9  9 
1  3  11  15  15  25*

cascade cost: 6

1  1  1  1  1  1  1  2  2  2  2  2  2  3  3  5  5  5  6* 6  9  9 
1  11  15  15* 28 

cascade cost: 22

1  1  1  1  1* 1  1  2  2  2  2  2  2  3  3  5  5  6  9  9  11 
1* 5  15  21  28 

cascade cost: 2

1  1  1  1  1  2  2  2  2  2  2  2  3  3  5  5  6* 9  9  11 
1  5  15* 21  28 

cascade cost: 12

1  1  1  1  1  1  2  2  2* 2  2  2  2  3  3  5  5  5  9  9  11 
21* 21  28 

cascade cost: 42

1  1  1  1  1  1  2  2  2  2  2* 2  9  9  11  23 
3  3  5* 5  5  21  28 

cascade cost: 6

1  1  1  1  1* 2  2  2  2  2  3  9  9  11  23 
1  3  5  5  7* 21  28 

cascade cost: 2

1* 1  1  1  1  2  2  2  2  2  3  9  9  11  23 
3  5  5  8  21* 28 

cascade cost: 6

1  1  1  1  2  2  2  2  3* 3  9  9  11  23 
2  5  5  8* 22  28 

cascade cost: 10

1* 1  2  2  2  2  3  5  9  9  11  23 
1  1  2* 5  11  22  28 

cascade cost: 2

1  1  2  2  2  2  3  5  9* 9  11  23 
1  3  5  11* 22  28 

cascade cost: 18

1  1  1  2  2  2  2  3  3  5  5* 9  11  23 
20  22  28*

cascade cost: 40

1  1  5* 9  11  20  23 
1  2* 2  2  2  3  3  22  33 

cascade cost: 4

7  9* 11  20  23 
1  1  1  2  2* 2  3  3  22  33 

cascade cost: 14

2  3* 11  11  20  23 
1  1  1  2  3  7* 22  33 

cascade cost: 6

1  1  1  2  11* 11  20  23 
2  3  10  22* 33 

cascade cost: 24

1  1  2  2  10  11  20  23*
1  3* 33  33 

cascade cost: 6

1  2* 10  11  20  26 
1  1  2* 33  33 

cascade cost: 4

1  1* 1  10  11  20  26 
4  33* 33 

cascade cost: 66

10  26* 34 
1  1* 4  11  20  33 

cascade cost: 68

10  27* 33 
1  4* 11  20  34 

